# File generated by CMD 3.8 (http://stev.oapd.inaf.it/cmd) on Wed Oct 22 22:48:35 UTC 2025
# isochrones based on PARSEC release v1.2S +  COLIBRI S_37 + S_35 + PR16
# Basic references: Bressan et al. (2012), MNRAS, 427, 127 + Chen et al. (2014, 2015), MNRAS, 444, 2525 + MNRAS, 452, 1068 + Tang et al. (2014), MNRAS, 445, 4287 + Marigo et al. (2017), ApJ, 835, 77 + Pastorelli al. (2019), MNRAS, 485, 5666 + Pastorelli al. (2020), MNRAS, in press
# Thermal pulse cycles included 
# On RGB, assumed Reimers mass loss with efficiency eta=0.2
# LPV periods and growth rates added cf. Trabucchi et al. (2019)
# but fundamental-mode LPV periods + transition are from Trabucchi et al. (2021)
# Photometric system: SDSS <i>ugriz</i>
# Using YBC version of bolometric corrections as in Chen et al. (2019)
# O-rich circumstellar dpmod60alox40 dust from Groenewegen (2006)
# C-rich circumstellar AMCSIC15 dust from Groenewegen (2006)
# IMF: Kroupa (2001, 2002) + Kroupa et al. (2013) canonical two-part-power law IMF corrected for unresolved binaries 
# Kind of output: isochrone tables
Zini     MH   logAge Mini        int_IMF         Mass   logL    logTe  logg  label   McoreTP C_O  period0  period1  period2  period3  period4  pmode  Mloss  tau1m   X   Y   Xc  Xn  Xo  Cexcess  Z 	 mbolmag  umag    gmag    rmag    imag    zmag
0.0152 0.01508 7.11000 0.0900000036 1.0816895926    0.090 -2.141  3.3992  4.082    0  0.000  0.545     0.00     0.00     0.00     0.00     0.00 -1 -2.79e-15      0.00 7.092e-01 2.755e-01 2.746e-03 7.408e-04 6.719e-03 -1.000 1.527e-02 10.122 18.472 15.301 13.898 11.599 10.179
0.0152 0.01508 7.11000 0.0965148956 1.1413165380    0.097 -2.098  3.4037  4.088    0  0.000  0.545     0.00     0.00     0.00     0.00     0.00 -1 -2.95e-15      0.00 7.092e-01 2.755e-01 2.746e-03 7.408e-04 6.719e-03 -1.000 1.527e-02 10.015 18.375 15.197 13.793 11.493 10.073
0.0152 0.01508 7.11000 0.1000000015 1.1711064122    0.100 -2.076  3.4060  4.090    0  0.000  0.545     0.00     0.00     0.00     0.00     0.00 -1 -3.05e-15      0.00 7.092e-01 2.755e-01 2.746e-03 7.408e-04 6.719e-03 -1.000 1.527e-02 9.959 18.322 15.142 13.738 11.437 10.017
0.0152 0.01508 7.11000 0.1200000122 1.3193155232    0.120 -1.961  3.4180  4.102    0  0.000  0.545     0.00     0.00     0.00     0.00     0.00 -1 -3.57e-15      0.00 7.092e-01 2.755e-01 2.746e-03 7.408e-04 6.719e-03 -1.000 1.527e-02 9.673 17.995 14.816 13.410 11.125 9.720
0.0152 0.01508 7.11000 0.1379785240 1.4274457907    0.138 -1.872  3.4274  4.111    0  0.000  0.545     0.00     0.00     0.00     0.00     0.00 -1 -4.04e-15      0.00 7.092e-01 2.755e-01 2.746e-03 7.408e-04 6.719e-03 -1.000 1.527e-02 9.451 17.442 14.339 12.935 10.750 9.438
0.0152 0.01508 7.11000 0.1400000006 1.4384526719    0.140 -1.863  3.4284  4.112    0  0.000  0.545     0.00     0.00     0.00     0.00     0.00 -1  -4.1e-15      0.00 7.092e-01 2.755e-01 2.746e-03 7.408e-04 6.719e-03 -1.000 1.527e-02 9.427 17.380 14.286 12.882 10.709 9.408
0.0152 0.01508 7.11000 0.1498536617 1.4892936815    0.150 -1.819  3.4335  4.118    0  0.000  0.545     0.00     0.00     0.00     0.00     0.00 -1 -4.35e-15      0.00 7.092e-01 2.755e-01 2.746e-03 7.408e-04 6.719e-03 -1.000 1.527e-02 9.317 17.083 14.032 12.637 10.518 9.264
0.0152 0.01508 7.11000 0.1631193608 1.5512604771    0.163 -1.764  3.4398  4.126    0  0.000  0.545     0.00     0.00     0.00     0.00     0.00 -1 -4.67e-15      0.00 7.092e-01 2.755e-01 2.746e-03 7.408e-04 6.719e-03 -1.000 1.527e-02 9.180 16.724 13.725 12.345 10.287 9.088
0.0152 0.01508 7.11000 0.1733526736 1.5947496937    0.173 -1.724  3.4441  4.129    0  0.000  0.545     0.00     0.00     0.00     0.00     0.00 -1 -4.98e-15      0.00 7.092e-01 2.755e-01 2.746e-03 7.408e-04 6.719e-03 -1.000 1.527e-02 9.079 16.474 13.508 12.138 10.124 8.962
0.0152 0.01508 7.11000 0.1871055663 1.6482057106    0.187 -1.674  3.4498  4.135    0  0.000  0.545     0.00     0.00     0.00     0.00     0.00 -1 -5.33e-15      0.00 7.092e-01 2.755e-01 2.746e-03 7.408e-04 6.719e-03 -1.000 1.527e-02 8.955 16.158 13.235 11.876 9.919 8.805
0.0152 0.01508 7.11000 0.2159464061 1.7453345124    0.216 -1.582  3.4602  4.147    0  0.000  0.545     0.00     0.00     0.00     0.00     0.00 -1 -6.05e-15      0.00 7.092e-01 2.755e-01 2.746e-03 7.408e-04 6.719e-03 -1.000 1.527e-02 8.724 15.606 12.743 11.387 9.552 8.520
0.0152 0.01508 7.11000 0.2350341231 1.8007888602    0.235 -1.527  3.4663  4.153    0  0.000  0.545     0.00     0.00     0.00     0.00     0.00 -1 -6.53e-15      0.00 7.092e-01 2.755e-01 2.746e-03 7.408e-04 6.719e-03 -1.000 1.527e-02 8.588 15.306 12.471 11.124 9.349 8.357
0.0152 0.01508 7.11000 0.2512917817 1.8435937205    0.251 -1.484  3.4712  4.159    0  0.000  0.545     0.00     0.00     0.00     0.00     0.00 -1 -6.92e-15      0.00 7.092e-01 2.755e-01 2.746e-03 7.408e-04 6.719e-03 -1.000 1.527e-02 8.481 15.071 12.258 10.917 9.190 8.230
0.0152 0.01508 7.11000 0.2785910666 1.9079352412    0.279 -1.418  3.4788  4.168    0  0.000  0.545     0.00     0.00     0.00     0.00     0.00 -1 -7.59e-15      0.00 7.092e-01 2.755e-01 2.746e-03 7.408e-04 6.719e-03 -1.000 1.527e-02 8.314 14.717 11.932 10.598 8.947 8.034
0.0152 0.01508 7.11000 0.3000000119 1.9529139769    0.300 -1.370  3.4844  4.175    0  0.000  0.545     0.00     0.00     0.00     0.00     0.00 -1 -8.09e-15      0.00 7.092e-01 2.755e-01 2.746e-03 7.408e-04 6.719e-03 -1.000 1.527e-02 8.195 14.476 11.701 10.362 8.774 7.898
0.0152 0.01508 7.11000 0.3352459669 2.0185512759    0.335 -1.300  3.4926  4.186    0  0.000  0.545     0.00     0.00     0.00     0.00     0.00 -1  -8.9e-15      0.00 7.092e-01 2.755e-01 2.746e-03 7.408e-04 6.719e-03 -1.000 1.527e-02 8.020 14.131 11.368 10.027 8.525 7.699
0.0152 0.01508 7.11000 0.3500000238 2.0434175133    0.350 -1.272  3.4959  4.190    0  0.000  0.545     0.00     0.00     0.00     0.00     0.00 -1 -9.24e-15      0.00 7.092e-01 2.755e-01 2.746e-03 7.408e-04 6.719e-03 -1.000 1.527e-02 7.950 13.998 11.241 9.906 8.431 7.620
0.0152 0.01508 7.11000 0.3689983487 2.0735003583    0.369 -1.240  3.4996  4.195    0  0.000  0.545     0.00     0.00     0.00     0.00     0.00 -1 -9.64e-15      0.00 7.092e-01 2.755e-01 2.746e-03 7.408e-04 6.719e-03 -1.000 1.527e-02 7.869 13.844 11.094 9.768 8.321 7.530
0.0152 0.01508 7.11000 0.4000000358 2.1185024810    0.400 -1.189  3.5055  4.203    0  0.000  0.545     0.00     0.00     0.00     0.00     0.00 -1 -1.03e-14      0.00 7.092e-01 2.755e-01 2.746e-03 7.408e-04 6.719e-03 -1.000 1.527e-02 7.743 13.615 10.871 9.556 8.154 7.390
0.0152 0.01508 7.11000 0.4474140704 2.1792124125    0.447 -1.119  3.5142  4.216    0  0.000  0.545     0.00     0.00     0.00     0.00     0.00 -1 -1.13e-14      0.00 7.092e-01 2.755e-01 2.746e-03 7.408e-04 6.719e-03 -1.000 1.527e-02 7.568 13.297 10.555 9.254 7.920 7.198
0.0152 0.01508 7.11000 0.4500000477 2.1822809714    0.450 -1.115  3.5147  4.217    0  0.000  0.545     0.00     0.00     0.00     0.00     0.00 -1 -1.13e-14      0.00 7.092e-01 2.755e-01 2.746e-03 7.408e-04 6.719e-03 -1.000 1.527e-02 7.558 13.280 10.539 9.238 7.907 7.187
0.0152 0.01508 7.11000 0.4833768606 2.2199380240    0.483 -1.071  3.5206  4.228    0  0.000  0.545     0.00     0.00     0.00     0.00     0.00 -1  -1.2e-14      0.00 7.092e-01 2.755e-01 2.746e-03 7.408e-04 6.719e-03 -1.000 1.527e-02 7.447 13.081 10.337 9.042 7.759 7.066
0.0152 0.01508 7.11000 0.5000000000 2.2374541529    0.500 -1.048  3.5235  4.231    0  0.000  0.545     0.00     0.00     0.00     0.00     0.00 -1 -1.23e-14      0.00 7.092e-01 2.755e-01 2.746e-03 7.408e-04 6.719e-03 -1.000 1.527e-02 7.391 12.986 10.238 8.944 7.685 7.006
0.0152 0.01508 7.11000 0.5089706779 2.2465145398    0.509 -1.038  3.5252  4.235    0  0.000  0.545     0.00     0.00     0.00     0.00     0.00 -1 -1.25e-14      0.00 7.092e-01 2.755e-01 2.746e-03 7.408e-04 6.719e-03 -1.000 1.527e-02 7.365 12.937 10.187 8.894 7.649 6.978
0.0152 0.01508 7.11000 0.5342349410 2.2701615828    0.534 -1.007  3.5295  4.242    0  0.000  0.545     0.00     0.00     0.00     0.00     0.00 -1  -1.3e-14      0.00 7.092e-01 2.755e-01 2.746e-03 7.408e-04 6.719e-03 -1.000 1.527e-02 7.287 12.800 10.044 8.754 7.544 6.893
0.0152 0.01508 7.11000 0.5500000119 2.2836582633    0.550 -0.988  3.5318  4.245    0  0.000  0.545     0.00     0.00     0.00     0.00     0.00 -1 -1.33e-14      0.00 7.092e-01 2.755e-01 2.746e-03 7.408e-04 6.719e-03 -1.000 1.527e-02 7.241 12.725 9.965 8.677 7.485 6.844
0.0152 0.01508 7.11000 0.5762574077 2.3042637281    0.576 -0.958  3.5364  4.254    0  0.000  0.545     0.00     0.00     0.00     0.00     0.00 -1 -1.38e-14      0.00 7.092e-01 2.755e-01 2.746e-03 7.408e-04 6.719e-03 -1.000 1.527e-02 7.164 12.591 9.823 8.538 7.383 6.763
0.0152 0.01508 7.11000 0.6000000238 2.3211213258    0.600 -0.930  3.5401  4.258    0  0.000  0.545     0.00     0.00     0.00     0.00     0.00 -1 -1.43e-14      0.00 7.092e-01 2.755e-01 2.746e-03 7.408e-04 6.719e-03 -1.000 1.527e-02 7.095 12.475 9.701 8.420 7.294 6.689
0.0152 0.01508 7.11000 0.6105675697 2.3281413711    0.610 -0.918  3.5423  4.262    0  0.000  0.545     0.00     0.00     0.00     0.00     0.00 -1 -1.45e-14      0.00 7.092e-01 2.755e-01 2.746e-03 7.408e-04 6.719e-03 -1.000 1.527e-02 7.064 12.419 9.641 8.359 7.251 6.657
0.0152 0.01508 7.11000 0.6458939910 2.3497034005    0.646 -0.877  3.5486  4.272    0  0.000  0.545     0.00     0.00     0.00     0.00     0.00 -1 -1.53e-14      0.00 7.092e-01 2.755e-01 2.746e-03 7.408e-04 6.719e-03 -1.000 1.527e-02 6.962 12.246 9.452 8.172 7.117 6.550
0.0152 0.01508 7.11000 0.6499999762 2.3520353107    0.650 -0.873  3.5492  4.273    0  0.000  0.545     0.00     0.00     0.00     0.00     0.00 -1 -1.54e-14      0.00 7.092e-01 2.755e-01 2.746e-03 7.408e-04 6.719e-03 -1.000 1.527e-02 6.952 12.229 9.434 8.153 7.103 6.539
0.0152 0.01508 7.11000 0.6545199752 2.3545634848    0.655 -0.867  3.5503  4.274    0  0.000  0.545     0.00     0.00     0.00     0.00     0.00 -1 -1.55e-14      0.00 7.092e-01 2.755e-01 2.746e-03 7.408e-04 6.719e-03 -1.000 1.527e-02 6.938 12.203 9.405 8.124 7.083 6.524
0.0152 0.01508 7.11000 0.6932778955 2.3746950113    0.693 -0.814  3.5593  4.283    0  0.000  0.545     0.00     0.00     0.00     0.00     0.00 -1 -1.69e-14      0.00 7.092e-01 2.755e-01 2.746e-03 7.408e-04 6.719e-03 -1.000 1.527e-02 6.806 11.979 9.154 7.870 6.906 6.388
0.0152 0.01508 7.11000 0.7000000477 2.3779267258    0.700 -0.805  3.5608  4.283    0  0.000  0.545     0.00     0.00     0.00     0.00     0.00 -1 -1.72e-14      0.00 7.092e-01 2.755e-01 2.746e-03 7.408e-04 6.719e-03 -1.000 1.527e-02 6.782 11.941 9.111 7.827 6.876 6.364
0.0152 0.01508 7.11000 0.7500000000 2.3998889087    0.750 -0.640  3.6193  4.382    0  0.000  0.538     0.00     0.00     0.00     0.00     0.00 -1 -2.17e-14      0.00 7.092e-01 2.755e-01 2.710e-03 7.399e-04 6.720e-03 -1.000 1.527e-02 6.370 10.911 7.989 6.761 6.239 5.961
0.0152 0.01508 7.11000 0.7609429955 2.4042550036    0.761 -0.629  3.6206  4.383    0  0.000  0.538     0.00     0.00     0.00     0.00     0.00 -1  -2.2e-14      0.00 7.092e-01 2.755e-01 2.710e-03 7.399e-04 6.720e-03 -1.000 1.527e-02 6.343 10.866 7.946 6.722 6.208 5.935
0.0152 0.01508 7.11000 0.8000000119 2.4187244405    0.800 -0.584  3.6256  4.379    0  0.000  0.538     0.00     0.00     0.00     0.00     0.00 -1 -2.39e-14      0.00 7.092e-01 2.755e-01 2.710e-03 7.399e-04 6.720e-03 -1.000 1.527e-02 6.230 10.683 7.773 6.567 6.082 5.825
0.0152 0.01508 7.11000 0.8198842406 2.4254849135    0.820 -0.563  3.6284  4.380    0  0.000  0.538     0.00     0.00     0.00     0.00     0.00 -1 -2.48e-14      0.00 7.092e-01 2.755e-01 2.710e-03 7.399e-04 6.720e-03 -1.000 1.527e-02 6.177 10.589 7.684 6.489 6.021 5.773
0.0152 0.01508 7.11000 0.8500000238 2.4350346840    0.850 -0.522  3.6331  4.374    0  0.000  0.538     0.00     0.00     0.00     0.00     0.00 -1 -2.69e-14      0.00 7.092e-01 2.755e-01 2.710e-03 7.399e-04 6.720e-03 -1.000 1.527e-02 6.076 10.406 7.524 6.349 5.908 5.675
0.0152 0.01508 7.11000 0.9000000358 2.4492786175    0.899 -0.454  3.6426  4.368    0  0.000  0.538     0.00     0.00     0.00     0.00     0.00 -1 -3.08e-14      0.00 7.092e-01 2.755e-01 2.710e-03 7.399e-04 6.720e-03 -1.000 1.527e-02 5.904 10.046 7.235 6.103 5.714 5.509
0.0152 0.01508 7.11000 0.9500000477 2.4618122009    0.950 -0.388  3.6525  4.365    0  0.000  0.538     0.00     0.00     0.00     0.00     0.00 -1 -3.49e-14      0.00 7.092e-01 2.755e-01 2.710e-03 7.399e-04 6.720e-03 -1.000 1.527e-02 5.740 9.650 6.951 5.871 5.528 5.348
0.0152 0.01508 7.11000 0.9661957026 2.4655535201    0.966 -0.366  3.6559  4.365    0  0.000  0.538     0.00     0.00     0.00     0.00     0.00 -1 -3.64e-14      0.00 7.092e-01 2.755e-01 2.710e-03 7.399e-04 6.720e-03 -1.000 1.527e-02 5.685 9.507 6.854 5.796 5.467 5.294
0.0152 0.01508 7.11000 0.9913433194 2.4710851389    0.991 -0.323  3.6624  4.359    0  0.000  0.538     0.00     0.00     0.00     0.00     0.00 -1 -3.98e-14      0.00 7.092e-01 2.755e-01 2.710e-03 7.399e-04 6.720e-03 -1.000 1.527e-02 5.579 9.236 6.671 5.654 5.348 5.188
0.0152 0.01508 7.11000 1.0000000000 2.4729154477    1.000 -0.309  3.6646  4.358    0  0.000  0.538     0.00     0.00     0.00     0.00     0.00 -1  -4.1e-14      0.00 7.092e-01 2.755e-01 2.710e-03 7.399e-04 6.720e-03 -1.000 1.527e-02 5.543 9.146 6.610 5.608 5.308 5.153
0.0152 0.01508 7.11000 1.0034145117 2.4736274084    1.004 -0.304  3.6655  4.357    0  0.000  0.538     0.00     0.00     0.00     0.00     0.00 -1 -4.13e-14      0.00 7.092e-01 2.755e-01 2.710e-03 7.399e-04 6.720e-03 -1.000 1.527e-02 5.529 9.110 6.586 5.590 5.293 5.139
0.0152 0.01508 7.11000 1.0499999523 2.4828114860    1.050 -0.222  3.6787  4.347    0  0.000  0.538     0.00     0.00     0.00     0.00     0.00 -1 -4.58e-14      0.00 7.092e-01 2.755e-01 2.710e-03 7.399e-04 6.720e-03 -1.000 1.527e-02 5.324 8.586 6.240 5.330 5.069 4.939
0.0152 0.01508 7.11000 1.0673922300 2.4860048560    1.067 -0.191  3.6837  4.344    0  0.000  0.538     0.00     0.00     0.00     0.00     0.00 -1 -4.76e-14      0.00 7.092e-01 2.755e-01 2.710e-03 7.399e-04 6.720e-03 -1.000 1.527e-02 5.247 8.399 6.115 5.236 4.987 4.865
0.0152 0.01508 7.11000 1.1000000238 2.4916801480    1.099 -0.129  3.6937  4.335    0  0.000  0.538     0.00     0.00     0.00     0.00     0.00 -1 -5.18e-14      0.00 7.092e-01 2.755e-01 2.709e-03 7.399e-04 6.720e-03 -1.000 1.527e-02 5.092 8.029 5.869 5.050 4.824 4.717
0.0152 0.01508 7.11000 1.1397613287 2.4980976867    1.139 -0.048  3.7064  4.320    0  0.000  0.538     0.00     0.00     0.00     0.00     0.00 -1 -5.81e-14      0.00 7.092e-01 2.755e-01 2.709e-03 7.399e-04 6.720e-03 -1.000 1.527e-02 4.891 7.566 5.565 4.817 4.616 4.529
0.0152 0.01508 7.11000 1.1499999762 2.4996678137    1.149 -0.026  3.7098  4.316    0  0.000  0.538     0.00     0.00     0.00     0.00     0.00 -1    -6e-14      0.00 7.092e-01 2.755e-01 2.709e-03 7.399e-04 6.720e-03 -1.000 1.527e-02 4.836 7.443 5.484 4.754 4.560 4.477
0.0152 0.01508 7.11000 1.1707150936 2.5027481612    1.170  0.018  3.7166  4.307    0  0.000  0.538     0.00     0.00     0.00     0.00     0.00 -1  -6.4e-14      0.00 7.092e-01 2.755e-01 2.709e-03 7.399e-04 6.720e-03 -1.000 1.527e-02 4.725 7.204 5.326 4.631 4.448 4.375
0.0152 0.01508 7.11000 1.2000000477 2.5068948796    1.200  0.086  3.7267  4.290    0  0.000  0.538     0.00     0.00     0.00     0.00     0.00 -1 -7.12e-14      0.00 7.092e-01 2.755e-01 2.709e-03 7.399e-04 6.720e-03 -1.000 1.527e-02 4.555 6.853 5.093 4.445 4.279 4.219
0.0152 0.01508 7.11000 1.2032927275 2.5073466251    1.203  0.094  3.7278  4.288    0  0.000  0.538     0.00     0.00     0.00     0.00     0.00 -1 -7.21e-14      0.00 7.092e-01 2.755e-01 2.709e-03 7.399e-04 6.720e-03 -1.000 1.527e-02 4.536 6.814 5.067 4.424 4.260 4.202
0.0152 0.01508 7.11000 1.2311099768 2.5110524259    1.231  0.163  3.7375  4.267    0  0.000  0.538     0.00     0.00     0.00     0.00     0.00 -1 -8.07e-14      0.00 7.092e-01 2.755e-01 2.709e-03 7.399e-04 6.720e-03 -1.000 1.527e-02 4.362 6.476 4.835 4.238 4.090 4.045
0.0152 0.01508 7.11000 1.2500000000 2.5134610955    1.250  0.213  3.7443  4.251    0  0.000  0.538     0.00     0.00     0.00     0.00     0.00 -1 -8.81e-14      0.00 7.092e-01 2.755e-01 2.709e-03 7.399e-04 6.720e-03 -1.000 1.527e-02 4.236 6.234 4.672 4.107 3.969 3.932
0.0152 0.01508 7.11000 1.2562416792 2.5142386857    1.256  0.231  3.7465  4.244    0  0.000  0.538     0.00     0.00     0.00     0.00     0.00 -1 -9.06e-14      0.00 7.092e-01 2.755e-01 2.709e-03 7.398e-04 6.720e-03 -1.000 1.527e-02 4.194 6.153 4.618 4.063 3.929 3.894
0.0152 0.01508 7.11000 1.2849755287 2.5177065865    1.285  0.315  3.7571  4.212    0  0.000  0.538     0.00     0.00     0.00     0.00     0.00 -1 -1.05e-13      0.00 7.092e-01 2.755e-01 2.709e-03 7.398e-04 6.720e-03 -1.000 1.527e-02 3.982 5.771 4.353 3.847 3.730 3.708
0.0152 0.01508 7.11000 1.2999999523 2.5194498592    1.300  0.362  3.7629  4.193    0  0.000  0.538     0.00     0.00     0.00     0.00     0.00 -1 -1.15e-13      0.00 7.092e-01 2.755e-01 2.709e-03 7.398e-04 6.720e-03 -1.000 1.527e-02 3.864 5.569 4.208 3.728 3.620 3.605
0.0152 0.01508 7.11000 1.3105366230 2.5206450372    1.311  0.397  3.7669  4.178    0  0.000  0.538     0.00     0.00     0.00     0.00     0.00 -1 -1.23e-13      0.00 7.092e-01 2.755e-01 2.709e-03 7.398e-04 6.720e-03 -1.000 1.527e-02 3.779 5.429 4.104 3.643 3.541 3.531
0.0152 0.01508 7.11000 1.3302756548 2.5228255515    1.330  0.463  3.7748  4.150    0  0.000  0.538     0.00     0.00     0.00     0.00     0.00 -1 -1.39e-13      0.00 7.092e-01 2.755e-01 2.709e-03 7.398e-04 6.720e-03 -1.000 1.527e-02 3.612 5.163 3.903 3.477 3.388 3.388
0.0152 0.01508 7.11000 1.3495637178 2.5248855440    1.350  0.529  3.7828  4.122    0  0.000  0.538     0.00     0.00     0.00     0.00     0.00 -1 -1.58e-13      0.00 7.092e-01 2.755e-01 2.709e-03 7.398e-04 6.720e-03 -1.000 1.527e-02 3.447 4.908 3.704 3.315 3.239 3.248
0.0152 0.01508 7.11000 1.3500001431 2.5249313723    1.350  0.531  3.7830  4.122    0  0.000  0.538     0.00     0.00     0.00     0.00     0.00 -1 -1.59e-13      0.00 7.092e-01 2.755e-01 2.709e-03 7.398e-04 6.720e-03 -1.000 1.527e-02 3.443 4.902 3.700 3.311 3.235 3.245
0.0152 0.01508 7.11000 1.3566300869 2.5256234029    1.357  0.553  3.7858  4.112    0  0.000  0.538     0.00     0.00     0.00     0.00     0.00 -1 -1.65e-13      0.00 7.092e-01 2.755e-01 2.709e-03 7.398e-04 6.720e-03 -1.000 1.527e-02 3.387 4.818 3.633 3.256 3.185 3.197
0.0152 0.01508 7.11000 1.3769266605 2.5276943887    1.377  0.619  3.7948  4.089    0  0.000  0.538     0.00     0.00     0.00     0.00     0.00 -1 -1.84e-13      0.00 7.092e-01 2.755e-01 2.709e-03 7.398e-04 6.720e-03 -1.000 1.527e-02 3.222 4.574 3.435 3.097 3.040 3.063
0.0152 0.01508 7.11000 1.3993813992 2.5299052784    1.400  0.684  3.8053  4.073    0  0.000  0.538     0.00     0.00     0.00     0.00     0.00 -1 -2.02e-13      0.00 7.092e-01 2.755e-01 2.709e-03 7.398e-04 6.720e-03 -1.000 1.527e-02 3.060 4.333 3.236 2.943 2.903 2.937
0.0152 0.01508 7.11000 1.4000000954 2.5299650415    1.400  0.685  3.8056  4.073    0  0.000  0.538     0.00     0.00     0.00     0.00     0.00 -1 -2.02e-13      0.00 7.092e-01 2.755e-01 2.709e-03 7.398e-04 6.720e-03 -1.000 1.527e-02 3.057 4.328 3.232 2.940 2.900 2.934
0.0152 0.01508 7.11000 1.4225059748 2.5320984273    1.423  0.738  3.8166  4.072    0  0.000  0.538     0.00     0.00     0.00     0.00     0.00 -1 -2.09e-13      0.00 7.092e-01 2.755e-01 2.709e-03 7.398e-04 6.719e-03 -1.000 1.527e-02 2.926 4.135 3.066 2.818 2.797 2.843
0.0152 0.01508 7.11000 1.4383226633 2.5335518765    1.439  0.767  3.8246  4.079    0  0.000  0.538     0.00     0.00     0.00     0.00     0.00 -1 -2.09e-13      0.00 7.092e-01 2.755e-01 2.709e-03 7.398e-04 6.719e-03 -1.000 1.527e-02 2.852 4.027 2.968 2.749 2.741 2.795
0.0152 0.01508 7.11000 1.4463071823 2.5342717306    1.447  0.774  3.8281  4.089    0  0.000  0.538     0.00     0.00     0.00     0.00     0.00 -1 -2.03e-13      0.00 7.092e-01 2.755e-01 2.709e-03 7.398e-04 6.719e-03 -1.000 1.527e-02 2.836 3.997 2.943 2.736 2.733 2.791
0.0152 0.01508 7.11000 1.4500000477 2.5346015836    1.450  0.775  3.8294  4.095    0  0.000  0.538     0.00     0.00     0.00     0.00     0.00 -1    -2e-13      0.00 7.092e-01 2.755e-01 2.709e-03 7.398e-04 6.719e-03 -1.000 1.527e-02 2.834 3.989 2.937 2.735 2.734 2.794
0.0152 0.01508 7.11000 1.4689698219 2.5362659770    1.469  0.777  3.8370  4.128    0  0.000  0.538     0.00     0.00     0.00     0.00     0.00 -1 -1.77e-13      0.00 7.092e-01 2.755e-01 2.709e-03 7.398e-04 6.719e-03 -1.000 1.527e-02 2.828 3.959 2.913 2.736 2.747 2.815
0.0152 0.01508 7.11000 1.4882416725 2.5379070050    1.488  0.759  3.8412  4.169    0  0.000  0.538     0.00     0.00     0.00     0.00     0.00 -1 -1.48e-13      0.00 7.092e-01 2.755e-01 2.709e-03 7.398e-04 6.719e-03 -1.000 1.527e-02 2.873 3.990 2.950 2.786 2.804 2.876
0.0152 0.01508 7.11000 1.5000000000 2.5388844597    1.500  0.740  3.8418  4.193    0  0.000  0.538     0.00     0.00     0.00     0.00     0.00 -1 -1.31e-13      0.00 7.092e-01 2.755e-01 2.709e-03 7.398e-04 6.719e-03 -1.000 1.527e-02 2.919 4.032 2.996 2.833 2.851 2.924
0.0152 0.01508 7.11000 1.5059024096 2.5393685071    1.506  0.731  3.8422  4.206    0  0.000  0.538     0.00     0.00     0.00     0.00     0.00 -1 -1.21e-13      0.00 7.092e-01 2.755e-01 2.709e-03 7.398e-04 6.719e-03 -1.000 1.527e-02 2.943 4.054 3.020 2.858 2.877 2.950
0.0152 0.01508 7.11000 1.5231702328 2.5407598747    1.523  0.707  3.8419  4.233    0  0.000  0.538     0.00     0.00     0.00     0.00     0.00 -1    -1e-13      0.00 7.092e-01 2.755e-01 2.709e-03 7.398e-04 6.719e-03 -1.000 1.527e-02 3.002 4.110 3.080 2.917 2.934 3.008
0.0152 0.01508 7.11000 1.5482015610 2.5427135601    1.548  0.703  3.8425  4.247    0  0.000  0.538     0.00     0.00     0.00     0.00     0.00 -1 -8.38e-14      0.00 7.092e-01 2.755e-01 2.709e-03 7.398e-04 6.719e-03 -1.000 1.527e-02 3.013 4.118 3.091 2.928 2.947 3.021
0.0152 0.01508 7.11000 1.5499999523 2.5428511323    1.550  0.704  3.8426  4.247    0  0.000  0.538     0.00     0.00     0.00     0.00     0.00 -1 -8.31e-14      0.00 7.092e-01 2.755e-01 2.709e-03 7.398e-04 6.719e-03 -1.000 1.527e-02 3.011 4.116 3.089 2.927 2.945 3.019
0.0152 0.01508 7.11000 1.5656211376 2.5440308385    1.565  0.707  3.8434  4.252    0  0.000  0.538     0.00     0.00     0.00     0.00     0.00 -1 -7.27e-14      0.00 7.092e-01 2.755e-01 2.709e-03 7.397e-04 6.719e-03 -1.000 1.527e-02 3.003 4.107 3.079 2.920 2.940 3.015
0.0152 0.01508 7.11000 1.5876367092 2.5456482058    1.587  0.743  3.8485  4.242    0  0.000  0.538     0.00     0.00     0.00     0.00     0.00 -1 -6.59e-14      0.00 7.092e-01 2.755e-01 2.709e-03 7.397e-04 6.719e-03 -1.000 1.527e-02 2.913 4.006 2.976 2.835 2.863 2.943
0.0152 0.01508 7.11000 1.6000000238 2.5465340628    1.600  0.763  3.8516  4.237    0  0.000  0.538     0.00     0.00     0.00     0.00     0.00 -1 -6.26e-14      0.00 7.092e-01 2.755e-01 2.709e-03 7.397e-04 6.719e-03 -1.000 1.527e-02 2.862 3.950 2.917 2.786 2.820 2.903
0.0152 0.01508 7.11000 1.6000097990 2.5465347570    1.600  0.763  3.8516  4.237    0  0.000  0.538     0.00     0.00     0.00     0.00     0.00 -1 -6.26e-14      0.00 7.092e-01 2.755e-01 2.709e-03 7.397e-04 6.719e-03 -1.000 1.527e-02 2.862 3.950 2.917 2.786 2.820 2.903
0.0152 0.01508 7.11000 1.6500000954 2.5499614852    1.649  0.856  3.8703  4.233    0  0.000  0.538     0.00     0.00     0.00     0.00     0.00 -1 -3.82e-14      0.00 7.093e-01 2.755e-01 2.709e-03 7.397e-04 6.719e-03 -1.000 1.522e-02 2.631 3.694 2.645 2.576 2.642 2.745
0.0152 0.01508 7.11000 1.6534259319 2.5501876096    1.653  0.862  3.8718  4.233    0  0.000  0.538     0.00     0.00     0.00     0.00     0.00 -1 -2.71e-15      0.00 7.093e-01 2.755e-01 2.709e-03 7.397e-04 6.719e-03 -1.000 1.522e-02 2.614 3.677 2.625 2.561 2.630 2.734
0.0152 0.01508 7.11000 1.6860843897 2.5522903058    1.685  0.927  3.8895  4.248    0  0.000  0.538     0.00     0.00     0.00     0.00     0.00 -1 -3.73e-26      0.00 7.093e-01 2.755e-01 2.709e-03 7.397e-04 6.718e-03 -1.000 1.527e-02 2.452 3.501 2.431 2.424 2.524 2.645
0.0152 0.01508 7.11000 1.7000000477 2.5531580802    1.699  0.954  3.8979  4.257    0  0.000  0.538     0.00     0.00     0.00     0.00     0.00 -1    -1e-30      0.00 7.093e-01 2.755e-01 2.709e-03 7.397e-04 6.718e-03 -1.000 1.527e-02 2.384 3.428 2.350 2.371 2.485 2.614
0.0152 0.01508 7.11000 1.7101461887 2.5537805619    1.709  0.974  3.9041  4.265    0  0.000  0.538     0.00     0.00     0.00     0.00     0.00 -1    -1e-30      0.00 7.093e-01 2.755e-01 2.709e-03 7.397e-04 6.718e-03 -1.000 1.527e-02 2.334 3.375 2.292 2.333 2.458 2.592
0.0152 0.01508 7.11000 1.7292078733 2.5549273417    1.728  1.005  3.9142  4.280    0  0.000  0.538     0.00     0.00     0.00     0.00     0.00 -1    -1e-30      0.00 7.093e-01 2.754e-01 2.709e-03 7.397e-04 6.718e-03 -1.000 1.527e-02 2.258 3.294 2.205 2.280 2.421 2.564
0.0152 0.01508 7.11000 1.7500000000 2.5561455243    1.749  1.029  3.9235  4.297    0  0.000  0.538     0.00     0.00     0.00     0.00     0.00 -1    -1e-30      0.00 7.093e-01 2.754e-01 2.709e-03 7.397e-04 6.718e-03 -1.000 1.527e-02 2.196 3.228 2.138 2.243 2.398 2.547
0.0152 0.01508 7.11000 1.7978546619 2.5588265536    1.797  1.061  3.9379  4.335    0  0.000  0.538     0.00     0.00     0.00     0.00     0.00 -1    -1e-30      0.00 7.093e-01 2.754e-01 2.709e-03 7.397e-04 6.718e-03 -1.000 1.527e-02 2.116 3.139 2.061 2.208 2.382 2.541
0.0152 0.01508 7.11000 1.7999999523 2.5589429085    1.799  1.063  3.9383  4.335    0  0.000  0.538     0.00     0.00     0.00     0.00     0.00 -1    -1e-30      0.00 7.093e-01 2.754e-01 2.709e-03 7.397e-04 6.718e-03 -1.000 1.527e-02 2.113 3.135 2.057 2.205 2.380 2.540
0.0152 0.01508 7.11000 1.8500000238 2.5615671203    1.849  1.101  3.9473  4.346    0  0.000  0.538     0.00     0.00     0.00     0.00     0.00 -1    -1e-30      0.00 7.093e-01 2.754e-01 2.709e-03 7.396e-04 6.718e-03 -1.000 1.527e-02 2.019 3.035 1.972 2.143 2.329 2.493
0.0152 0.01508 7.11000 1.8830308914 2.5632130833    1.882  1.126  3.9534  4.353    0  0.000  0.538     0.00     0.00     0.00     0.00     0.00 -1    -1e-30      0.00 7.093e-01 2.754e-01 2.708e-03 7.396e-04 6.718e-03 -1.000 1.527e-02 1.956 2.969 1.919 2.104 2.296 2.464
0.0152 0.01508 7.11000 1.9000000954 2.5640331317    1.899  1.142  3.9567  4.354    0  0.000  0.538     0.00     0.00     0.00     0.00     0.00 -1    -1e-30      0.00 7.093e-01 2.754e-01 2.708e-03 7.396e-04 6.718e-03 -1.000 1.527e-02 1.916 2.927 1.885 2.077 2.273 2.442
0.0152 0.01508 7.11000 1.9500001669 2.5663542767    1.950  1.188  3.9661  4.356    0  0.000  0.538     0.00     0.00     0.00     0.00     0.00 -1    -1e-30      0.00 7.093e-01 2.754e-01 2.708e-03 7.396e-04 6.717e-03 -1.000 1.527e-02 1.800 2.807 1.789 2.000 2.205 2.378
0.0152 0.01508 7.11000 2.0000000000 2.5685424513    2.000  1.233  3.9750  4.358    0  0.000  0.538     0.00     0.00     0.00     0.00     0.00 -1    -1e-30      0.00 7.093e-01 2.754e-01 2.709e-03 7.395e-04 6.717e-03 -1.000 1.527e-02 1.688 2.694 1.702 1.928 2.141 2.319
0.0152 0.01508 7.11000 2.0499999523 2.5706083333    2.050  1.276  3.9834  4.360    0  0.000  0.538     0.00     0.00     0.00     0.00     0.00 -1    -1e-30      0.00 7.093e-01 2.754e-01 2.709e-03 7.395e-04 6.717e-03 -1.000 1.527e-02 1.581 2.587 1.621 1.861 2.080 2.261
0.0152 0.01508 7.11000 2.0999999046 2.5725614918    2.099  1.318  3.9915  4.360    0  0.000  0.538     0.00     0.00     0.00     0.00     0.00 -1    -1e-30      0.00 7.094e-01 2.754e-01 2.708e-03 7.395e-04 6.717e-03 -1.000 1.527e-02 1.475 2.483 1.543 1.795 2.020 2.205
0.0152 0.01508 7.11000 2.1500000954 2.5744105556    2.149  1.359  3.9995  4.361    0  0.000  0.538     0.00     0.00     0.00     0.00     0.00 -1    -1e-30      0.00 7.094e-01 2.754e-01 2.709e-03 7.395e-04 6.717e-03 -1.000 1.527e-02 1.373 2.382 1.470 1.732 1.963 2.150
0.0152 0.01508 7.11000 2.2000000477 2.5761632879    2.199  1.399  4.0071  4.361    0  0.000  0.538     0.00     0.00     0.00     0.00     0.00 -1    -1e-30      0.00 7.094e-01 2.754e-01 2.709e-03 7.394e-04 6.716e-03 -1.000 1.527e-02 1.272 2.283 1.400 1.671 1.906 2.096
0.0152 0.01508 7.11000 2.2500000000 2.5778267375    2.249  1.438  4.0145  4.362    0  0.000  0.538     0.00     0.00     0.00     0.00     0.00 -1    -1e-30      0.00 7.094e-01 2.753e-01 2.708e-03 7.394e-04 6.716e-03 -1.000 1.527e-02 1.175 2.188 1.333 1.612 1.851 2.044
0.0152 0.01508 7.11000 2.2999999523 2.5794072884    2.299  1.476  4.0216  4.362    0  0.000  0.538     0.00     0.00     0.00     0.00     0.00 -1    -1e-30      0.00 7.094e-01 2.753e-01 2.708e-03 7.395e-04 6.716e-03 -1.000 1.527e-02 1.080 2.096 1.268 1.554 1.798 1.992
0.0152 0.01508 7.11000 2.4000000954 2.5823423892    2.399  1.548  4.0350  4.362    0  0.000  0.538     0.00     0.00     0.00     0.00     0.00 -1    -1e-30      0.00 7.094e-01 2.754e-01 2.708e-03 7.394e-04 6.716e-03 -1.000 1.526e-02 0.899 1.920 1.146 1.444 1.693 1.893
0.0152 0.01508 7.11000 2.5100612640 2.5852639105    2.510  1.624  4.0489  4.361    0  0.000  0.538     0.00     0.00     0.00     0.00     0.00 -1    -1e-30      0.00 7.093e-01 2.754e-01 2.709e-03 7.397e-04 6.718e-03 -1.000 1.527e-02 0.710 1.739 1.020 1.328 1.584 1.789
0.0152 0.01508 7.11000 2.5999999046 2.5874412955    2.600  1.684  4.0597  4.360    0  0.000  0.538     0.00     0.00     0.00     0.00     0.00 -1    -1e-30      0.00 7.092e-01 2.755e-01 2.710e-03 7.399e-04 6.720e-03 -1.000 1.527e-02 0.561 1.597 0.922 1.238 1.498 1.708
0.0152 0.01508 7.11000 2.8000001907 2.5917117867    2.800  1.808  4.0816  4.355    1  0.000  0.538     0.00     0.00     0.00     0.00     0.00 -1    -1e-30      0.00 7.092e-01 2.755e-01 2.710e-03 7.399e-04 6.720e-03 -1.000 1.527e-02 0.249 1.305 0.718 1.046 1.313 1.532
0.0152 0.01508 7.11000 3.0000000000 2.5953341962    3.000  1.924  4.1016  4.350    1  0.000  0.538     0.00     0.00     0.00     0.00     0.00 -1    -1e-30      0.00 7.092e-01 2.755e-01 2.710e-03 7.399e-04 6.720e-03 -1.000 1.527e-02 -0.039 1.042 0.531 0.869 1.141 1.370
0.0152 0.01508 7.11000 3.2000000477 2.5984409005    3.199  2.031  4.1199  4.344    1  0.000  0.538     0.00     0.00     0.00     0.00     0.00 -1    -1e-30      0.00 7.092e-01 2.755e-01 2.710e-03 7.399e-04 6.720e-03 -1.000 1.527e-02 -0.307 0.806 0.359 0.705 0.983 1.220
0.0152 0.01508 7.11000 3.4000000954 2.6011310876    3.398  2.131  4.1365  4.336    1  0.000  0.538     0.00     0.00     0.00     0.00     0.00 -1    -1e-30      0.00 7.092e-01 2.755e-01 2.710e-03 7.399e-04 6.720e-03 -1.000 1.527e-02 -0.558 0.590 0.198 0.552 0.834 1.077
0.0152 0.01508 7.11000 3.4046938419 2.6011898716    3.403  2.133  4.1369  4.336    1  0.000  0.538     0.00     0.00     0.00     0.00     0.00 -1    -1e-30      0.00 7.092e-01 2.755e-01 2.710e-03 7.399e-04 6.720e-03 -1.000 1.527e-02 -0.564 0.585 0.194 0.548 0.831 1.074
0.0152 0.01508 7.11000 3.6000001431 2.6034804607    3.598  2.226  4.1521  4.329    1  0.000  0.538     0.00     0.00     0.00     0.00     0.00 -1    -1e-30      0.00 7.092e-01 2.755e-01 2.710e-03 7.399e-04 6.720e-03 -1.000 1.527e-02 -0.794 0.391 0.046 0.408 0.694 0.944
0.0152 0.01508 7.11000 3.8000001907 2.6055477311    3.798  2.315  4.1669  4.322    1  0.000  0.538     0.00     0.00     0.00     0.00     0.00 -1    -1e-30      0.00 7.092e-01 2.755e-01 2.710e-03 7.399e-04 6.720e-03 -1.000 1.527e-02 -1.017 0.208 -0.095 0.274 0.564 0.819
0.0152 0.01508 7.11000 4.0000000000 2.6073790840    4.001  2.398  4.1803  4.315    1  0.000  0.538     0.00     0.00     0.00     0.00     0.00 -1    -1e-30      0.00 7.092e-01 2.755e-01 2.710e-03 7.399e-04 6.720e-03 -1.000 1.527e-02 -1.226 0.036 -0.229 0.146 0.440 0.699
0.0152 0.01508 7.11000 4.1999998093 2.6090113217    4.198  2.478  4.1930  4.307    1  0.000  0.538     0.00     0.00     0.00     0.00     0.00 -1    -1e-30      0.00 7.092e-01 2.755e-01 2.710e-03 7.399e-04 6.720e-03 -1.000 1.527e-02 -1.425 -0.124 -0.357 0.024 0.321 0.586
0.0152 0.01508 7.11000 4.3687825203 2.6102559106    4.366  2.542  4.2030  4.300    1  0.000  0.538     0.00     0.00     0.00     0.00     0.00 -1    -1e-30      0.00 7.092e-01 2.755e-01 2.710e-03 7.399e-04 6.720e-03 -1.000 1.527e-02 -1.586 -0.253 -0.461 -0.075 0.225 0.493
0.0152 0.01508 7.11000 4.4000000954 2.6104741055    4.397  2.554  4.2049  4.299    1  0.000  0.538     0.00     0.00     0.00     0.00     0.00 -1    -1e-30      0.00 7.092e-01 2.755e-01 2.710e-03 7.399e-04 6.720e-03 -1.000 1.527e-02 -1.615 -0.276 -0.480 -0.092 0.208 0.476
0.0152 0.01508 7.11000 4.4092659950 2.6105381859    4.407  2.557  4.2054  4.298    1  0.000  0.538     0.00     0.00     0.00     0.00     0.00 -1    -1e-30      0.00 7.092e-01 2.755e-01 2.710e-03 7.399e-04 6.720e-03 -1.000 1.527e-02 -1.623 -0.283 -0.485 -0.098 0.203 0.471
0.0152 0.01508 7.11000 4.5999999046 2.6117915791    4.597  2.626  4.2162  4.291    1  0.000  0.538     0.00     0.00     0.00     0.00     0.00 -1    -1e-30      0.00 7.092e-01 2.755e-01 2.710e-03 7.399e-04 6.720e-03 -1.000 1.527e-02 -1.796 -0.420 -0.597 -0.204 0.100 0.372
0.0152 0.01508 7.11000 4.8000001907 2.6129836005    4.798  2.696  4.2271  4.284    1  0.000  0.538     0.00     0.00     0.00     0.00     0.00 -1    -1e-30      0.00 7.092e-01 2.755e-01 2.710e-03 7.399e-04 6.720e-03 -1.000 1.527e-02 -1.970 -0.558 -0.708 -0.310 -0.004 0.272
0.0152 0.01508 7.11000 5.0000000000 2.6140666223    4.999  2.762  4.2373  4.276    1  0.000  0.538     0.00     0.00     0.00     0.00     0.00 -1    -1e-30      0.00 7.092e-01 2.755e-01 2.710e-03 7.399e-04 6.720e-03 -1.000 1.527e-02 -2.135 -0.689 -0.817 -0.413 -0.104 0.175
0.0152 0.01508 7.11000 5.1999998093 2.6150544000    5.200  2.826  4.2469  4.268    1  0.000  0.538     0.00     0.00     0.00     0.00     0.00 -1    -1e-30      0.00 7.092e-01 2.755e-01 2.710e-03 7.399e-04 6.720e-03 -1.000 1.527e-02 -2.294 -0.815 -0.921 -0.513 -0.202 0.080
0.0152 0.01508 7.11000 5.3999996185 2.6159585084    5.401  2.887  4.2562  4.260    1  0.000  0.538     0.00     0.00     0.00     0.00     0.00 -1    -1e-30      0.00 7.092e-01 2.755e-01 2.710e-03 7.399e-04 6.720e-03 -1.000 1.527e-02 -2.448 -0.937 -1.023 -0.610 -0.296 -0.011
0.0152 0.01508 7.11000 5.5308027267 2.6165093108    5.532  2.926  4.2621  4.255    1  0.000  0.538     0.00     0.00     0.00     0.00     0.00 -1    -1e-30      0.00 7.092e-01 2.755e-01 2.710e-03 7.399e-04 6.720e-03 -1.000 1.527e-02 -2.545 -1.014 -1.087 -0.672 -0.356 -0.069
0.0152 0.01508 7.11000 5.5999994278 2.6167887546    5.601  2.946  4.2651  4.252    1  0.000  0.538     0.00     0.00     0.00     0.00     0.00 -1    -1e-30      0.00 7.092e-01 2.755e-01 2.710e-03 7.399e-04 6.720e-03 -1.000 1.527e-02 -2.596 -1.054 -1.121 -0.704 -0.387 -0.100
0.0152 0.01508 7.11000 5.8000001907 2.6175535027    5.801  3.003  4.2735  4.244    1  0.000  0.538     0.00     0.00     0.00     0.00     0.00 -1    -1e-30      0.00 7.092e-01 2.755e-01 2.710e-03 7.399e-04 6.720e-03 -1.000 1.527e-02 -2.739 -1.168 -1.216 -0.795 -0.476 -0.186
0.0152 0.01508 7.11000 6.0000000000 2.6182599138    6.000  3.059  4.2817  4.236    1  0.000  0.538     0.00     0.00     0.00     0.00     0.00 -1    -1e-30      0.00 7.092e-01 2.755e-01 2.710e-03 7.399e-04 6.720e-03 -1.000 1.527e-02 -2.877 -1.278 -1.309 -0.884 -0.563 -0.270
0.0152 0.01508 7.11000 6.1203746796 2.6186595835    6.120  3.091  4.2864  4.231    1  0.000  0.538     0.00     0.00     0.00     0.00     0.00 -1    -1e-30      0.00 7.092e-01 2.755e-01 2.710e-03 7.399e-04 6.720e-03 -1.000 1.527e-02 -2.957 -1.342 -1.364 -0.937 -0.614 -0.320
0.0152 0.01508 7.11000 6.1999998093 2.6189141709    6.200  3.112  4.2894  4.228    1  0.000  0.538     0.00     0.00     0.00     0.00     0.00 -1    -1e-30      0.00 7.092e-01 2.755e-01 2.710e-03 7.399e-04 6.720e-03 -1.000 1.527e-02 -3.010 -1.385 -1.400 -0.971 -0.647 -0.352
0.0152 0.01508 7.11000 6.4000000954 2.6195216279    6.399  3.164  4.2969  4.220    1  0.000  0.538     0.00     0.00     0.00     0.00     0.00 -1    -1e-30      0.00 7.092e-01 2.755e-01 2.710e-03 7.399e-04 6.720e-03 -1.000 1.527e-02 -3.140 -1.488 -1.488 -1.056 -0.730 -0.432
0.0152 0.01508 7.11000 6.9256343842 2.6209275322    6.921  3.293  4.3152  4.198    1  0.000  0.538     0.00     0.00     0.00     0.00     0.00 -1    -1e-30      0.00 7.092e-01 2.755e-01 2.710e-03 7.399e-04 6.720e-03 -1.000 1.527e-02 -3.462 -1.748 -1.710 -1.270 -0.939 -0.636
0.0152 0.01508 7.11000 7.0000000000 2.6211069280    6.996  3.311  4.3176  4.195    1  0.000  0.538     0.00     0.00     0.00     0.00     0.00 -1    -1e-30      0.00 7.092e-01 2.755e-01 2.710e-03 7.399e-04 6.720e-03 -1.000 1.527e-02 -3.507 -1.784 -1.741 -1.300 -0.968 -0.664
0.0152 0.01508 7.11000 7.4919037819 2.6221911638    7.490  3.422  4.3327  4.173    1  0.000  0.538     0.00     0.00     0.00     0.00     0.00 -1    -1e-30      0.00 7.092e-01 2.755e-01 2.710e-03 7.399e-04 6.720e-03 -1.000 1.527e-02 -3.785 -2.012 -1.938 -1.490 -1.154 -0.846
0.0152 0.01508 7.11000 7.9953775406 2.6231435510    7.997  3.532  4.3469  4.149    1  0.000  0.538     0.00     0.00     0.00     0.00     0.00 -1    -1e-30      0.00 7.092e-01 2.755e-01 2.710e-03 7.399e-04 6.720e-03 -1.000 1.527e-02 -4.059 -2.238 -2.136 -1.682 -1.342 -1.030
0.0152 0.01508 7.11000 8.0000000000 2.6231516585    8.001  3.533  4.3470  4.148    1  0.000  0.538     0.00     0.00     0.00     0.00     0.00 -1    -1e-30      0.00 7.092e-01 2.755e-01 2.710e-03 7.399e-04 6.720e-03 -1.000 1.527e-02 -4.062 -2.240 -2.138 -1.684 -1.344 -1.032
0.0152 0.01508 7.11000 8.1930971146 2.6234809601    8.193  3.572  4.3520  4.139    1  0.000  0.538     0.00     0.00     0.00     0.00     0.00 -1    -1e-30      0.00 7.092e-01 2.755e-01 2.710e-03 7.399e-04 6.720e-03 -1.000 1.527e-02 -4.161 -2.323 -2.210 -1.755 -1.414 -1.100
0.0152 0.01508 7.11000 8.6485195160 2.6241910811    8.645  3.664  4.3630  4.115    1  0.000  0.538     0.00     0.00     0.00     0.00     0.00 -1    -1e-30      0.00 7.092e-01 2.755e-01 2.710e-03 7.399e-04 6.720e-03 -1.000 1.527e-02 -4.390 -2.516 -2.381 -1.921 -1.578 -1.261
0.0152 0.01508 7.11000 9.0000000000 2.6246829947    8.995  3.733  4.3709  4.095    1  0.000  0.538     0.00     0.00     0.00     0.00     0.00 -1    -1e-30      0.00 7.092e-01 2.755e-01 2.710e-03 7.399e-04 6.720e-03 -1.000 1.527e-02 -4.562 -2.662 -2.511 -2.049 -1.703 -1.384
0.0152 0.01508 7.11000 9.2998609543 2.6250690383    9.295  3.788  4.3770  4.078    1  0.000  0.538     0.00     0.00     0.00     0.00     0.00 -1    -1e-30      0.00 7.092e-01 2.755e-01 2.710e-03 7.399e-04 6.720e-03 -1.000 1.527e-02 -4.701 -2.782 -2.619 -2.154 -1.807 -1.487
0.0152 0.01508 7.11000 9.6777811050 2.6255166068    9.674  3.858  4.3841  4.054    1  0.000  0.538     0.00     0.00     0.00     0.00     0.00 -1    -1e-30      0.00 7.092e-01 2.755e-01 2.710e-03 7.399e-04 6.720e-03 -1.000 1.527e-02 -4.875 -2.933 -2.756 -2.289 -1.941 -1.619
0.0152 0.01508 7.11000 9.9848184586 2.6258516878    9.983  3.914  4.3893  4.033    1  0.000  0.538     0.00     0.00     0.00     0.00     0.00 -1    -1e-30      0.00 7.092e-01 2.755e-01 2.710e-03 7.399e-04 6.720e-03 -1.000 1.527e-02 -5.015 -3.057 -2.870 -2.401 -2.051 -1.728
0.0152 0.01508 7.11000 10.0000000000 2.6258676431    9.998  3.917  4.3896  4.031    1  0.000  0.538     0.00     0.00     0.00     0.00     0.00 -1    -1e-30      0.00 7.092e-01 2.755e-01 2.710e-03 7.399e-04 6.720e-03 -1.000 1.527e-02 -5.022 -3.063 -2.876 -2.407 -2.057 -1.733
0.0152 0.01508 7.11000 10.2439336777 2.6261165701   10.243  3.959  4.3932  4.014    1  0.000  0.538     0.00     0.00     0.00     0.00     0.00 -1    -1e-30      0.00 7.092e-01 2.755e-01 2.710e-03 7.399e-04 6.720e-03 -1.000 1.527e-02 -5.129 -3.159 -2.964 -2.493 -2.143 -1.819
0.0152 0.01508 7.11000 10.5332336426 2.6263946727   10.533  4.009  4.3972  3.992    1  0.000  0.538     0.00     0.00     0.00     0.00     0.00 -1    -1e-30      0.00 7.092e-01 2.755e-01 2.710e-03 7.399e-04 6.720e-03 -1.000 1.527e-02 -5.254 -3.273 -3.069 -2.598 -2.246 -1.921
0.0152 0.01508 7.11000 10.8422260284 2.6266729359   10.843  4.062  4.4009  3.967    1  0.000  0.538     0.00     0.00     0.00     0.00     0.00 -1    -1e-30      0.00 7.092e-01 2.755e-01 2.710e-03 7.399e-04 6.720e-03 -1.000 1.527e-02 -5.386 -3.422 -3.177 -2.706 -2.351 -2.071
0.0152 0.01508 7.11000 11.0000000000 2.6268081058   11.001  4.089  4.4026  3.953    1  0.000  0.538     0.00     0.00     0.00     0.00     0.00 -1    -1e-30      0.00 7.092e-01 2.755e-01 2.710e-03 7.399e-04 6.720e-03 -1.000 1.527e-02 -5.453 -3.487 -3.240 -2.766 -2.409 -2.129
0.0152 0.01508 7.11000 11.0913858414 2.6268843794   11.093  4.104  4.4036  3.945    1  0.000  0.538     0.00     0.00     0.00     0.00     0.00 -1    -1e-30      0.00 7.092e-01 2.755e-01 2.710e-03 7.399e-04 6.720e-03 -1.000 1.527e-02 -5.490 -3.523 -3.276 -2.800 -2.443 -2.162
0.0152 0.01508 7.11000 11.4836282730 2.6271959631   11.485  4.169  4.4064  3.907    1  0.000  0.538     0.00     0.00     0.00     0.00     0.00 -1    -1e-30      0.00 7.092e-01 2.755e-01 2.710e-03 7.399e-04 6.720e-03 -1.000 1.527e-02 -5.653 -3.685 -3.435 -2.956 -2.596 -2.314
0.0152 0.01508 7.11000 11.8437023163 2.6274611988   11.845  4.228  4.4080  3.867    1  0.000  0.538     0.00     0.00     0.00     0.00     0.00 -1    -1e-30      0.00 7.092e-01 2.755e-01 2.710e-03 7.399e-04 6.720e-03 -1.000 1.527e-02 -5.801 -3.837 -3.584 -3.104 -2.743 -2.459
0.0152 0.01508 7.11000 12.0000000000 2.6275706487   12.001  4.254  4.4085  3.849    1  0.000  0.538     0.00     0.00     0.00     0.00     0.00 -1    -1e-30      0.00 7.092e-01 2.755e-01 2.710e-03 7.399e-04 6.720e-03 -1.000 1.527e-02 -5.865 -3.903 -3.650 -3.169 -2.808 -2.524
0.0152 0.01508 7.11000 12.0228757858 2.6275863935   12.023  4.258  4.4085  3.847    1  0.000  0.538     0.00     0.00     0.00     0.00     0.00 -1 -1.86e-30      0.00 7.092e-01 2.755e-01 2.710e-03 7.400e-04 6.720e-03 -1.000 1.527e-02 -5.874 -3.913 -3.659 -3.178 -2.817 -2.533
0.0152 0.01508 7.11000 12.3583793640 2.6278096330   12.349  4.309  4.4084  3.806    1  0.000  0.539     0.00     0.00     0.00     0.00     0.00 -1 -1.49e-26      0.00 7.092e-01 2.755e-01 2.717e-03 7.401e-04 6.720e-03 -1.000 1.527e-02 -6.003 -4.052 -3.797 -3.317 -2.956 -2.673
0.0152 0.01508 7.11000 12.6475639343 2.6279911628   12.629  4.354  4.4069  3.765    1  0.000  0.540     0.00     0.00     0.00     0.00     0.00 -1 -2.84e-23      0.00 7.092e-01 2.755e-01 2.722e-03 7.402e-04 6.720e-03 -1.000 1.527e-02 -6.115 -4.180 -3.924 -3.447 -3.088 -2.805
0.0152 0.01508 7.11000 13.0105667114 2.6282059464   12.979  4.410  4.4035  3.707    1  0.000  0.541     0.00     0.00     0.00     0.00     0.00 -1 -2.93e-19      0.00 7.092e-01 2.755e-01 2.729e-03 7.404e-04 6.719e-03 -1.000 1.527e-02 -6.256 -4.348 -4.093 -3.620 -3.265 -2.983
0.0152 0.01508 7.11000 13.3519659042 2.6283957407   13.306  4.463  4.3984  3.645    1  0.000  0.543     0.00     0.00     0.00     0.00     0.00 -1 -1.37e-15      0.00 7.092e-01 2.755e-01 2.735e-03 7.406e-04 6.719e-03 -1.000 1.527e-02 -6.388 -4.449 -4.220 -3.750 -3.399 -3.075
0.0152 0.01508 7.11000 13.6208963394 2.6285375684   13.563  4.506  4.3920  3.584    1  0.000  0.544     0.00     0.00     0.00     0.00     0.00 -1 -8.86e-13      0.00 7.092e-01 2.755e-01 2.739e-03 7.407e-04 6.719e-03 -1.000 1.527e-02 -6.494 -4.586 -4.364 -3.896 -3.547 -3.225
0.0152 0.01508 7.11000 13.8769826889 2.6286667631   13.807  4.547  4.3841  3.520    1  0.000  0.544     0.00     0.00     0.00     0.00     0.00 -1 -3.68e-10      0.00 7.092e-01 2.755e-01 2.744e-03 7.408e-04 6.719e-03 -1.000 1.527e-02 -6.596 -4.723 -4.510 -4.046 -3.699 -3.379
0.0152 0.01508 7.11000 14.0000000000 2.6287268957   13.926  4.566  4.3796  3.486    0  0.000  0.545     0.00     0.00     0.00     0.00     0.00 -1 -6.27e-09      0.00 7.092e-01 2.755e-01 2.746e-03 7.408e-04 6.719e-03 -1.000 1.527e-02 -6.645 -4.792 -4.584 -4.122 -3.776 -3.458
0.0152 0.01508 7.11000 14.0479450226 2.6287500042   13.972  4.573  4.3780  3.474    0  0.000  0.545     0.00     0.00     0.00     0.00     0.00 -1 -6.34e-09      0.00 7.092e-01 2.755e-01 2.746e-03 7.408e-04 6.719e-03 -1.000 1.527e-02 -6.663 -4.817 -4.611 -4.150 -3.805 -3.486
0.0152 0.01508 7.11000 14.2670307159 2.6288533300   14.181  4.607  4.3687  3.410    0  0.000  0.545     0.00     0.00     0.00     0.00     0.00 -1 -1.36e-08      0.00 7.092e-01 2.755e-01 2.746e-03 7.408e-04 6.719e-03 -1.000 1.527e-02 -6.747 -5.036 -4.819 -4.357 -4.014 -3.735
0.0152 0.01508 7.11000 14.4172086716 2.6289220748   14.319  4.630  4.3611  3.360    0  0.000  0.545     0.00     0.00     0.00     0.00     0.00 -1 -3.92e-08      0.00 7.092e-01 2.755e-01 2.746e-03 7.408e-04 6.719e-03 -1.000 1.527e-02 -6.805 -5.079 -4.884 -4.429 -4.086 -3.791
0.0152 0.01508 7.11000 14.6159029007 2.6290105364   14.488  4.662  4.3527  3.300    0  0.000  0.545     0.00     0.00     0.00     0.00     0.00 -1 -9.21e-08      0.00 7.092e-01 2.755e-01 2.746e-03 7.408e-04 6.719e-03 -1.000 1.527e-02 -6.885 -5.155 -4.977 -4.529 -4.190 -3.880
0.0152 0.01508 7.11000 14.8074188232 2.6290932231   14.643  4.698  4.3575  3.287    0  0.000  0.545     0.00     0.00     0.00     0.00     0.00 -1  -3.3e-08      0.00 7.092e-01 2.755e-01 2.746e-03 7.408e-04 6.719e-03 -1.000 1.527e-02 -6.976 -5.284 -5.088 -4.637 -4.294 -4.004
0.0152 0.01508 7.11000 14.8381557465 2.6291062654   14.669  4.709  4.3665  3.313    0  0.000  0.545     0.00     0.00     0.00     0.00     0.00 -1 -2.05e-08      0.00 7.092e-01 2.755e-01 2.746e-03 7.408e-04 6.719e-03 -1.000 1.527e-02 -7.002 -5.298 -5.086 -4.630 -4.286 -4.001
0.0152 0.01508 7.11000 14.8494272232 2.6291110325   14.679  4.719  4.3769  3.345    0  0.000  0.545     0.00     0.00     0.00     0.00     0.00 -1 -1.22e-08      0.00 7.092e-01 2.755e-01 2.746e-03 7.408e-04 6.719e-03 -1.000 1.527e-02 -7.028 -5.305 -5.075 -4.614 -4.271 -3.990
0.0152 0.01508 7.11000 14.8554058075 2.6291135577   14.684  4.735  4.3891  3.379    0  0.000  0.545     0.00     0.00     0.00     0.00     0.00 -1 -1.54e-08      0.00 7.092e-01 2.755e-01 2.746e-03 7.408e-04 6.719e-03 -1.000 1.527e-02 -7.066 -5.279 -5.035 -4.573 -4.226 -3.939
0.0152 0.01508 7.11000 14.8576936722 2.6291145234   14.687  4.749  4.3983  3.401    0  0.000  0.545     0.00     0.00     0.00     0.00     0.00 -1 -1.87e-08      0.00 7.092e-01 2.755e-01 2.746e-03 7.408e-04 6.719e-03 -1.000 1.527e-02 -7.103 -5.268 -5.013 -4.549 -4.200 -3.907
0.0152 0.01508 7.11000 14.8584823608 2.6291148563   14.687  4.756  4.4025  3.411    0  0.000  0.545     0.00     0.00     0.00     0.00     0.00 -1 -2.05e-08      0.00 7.092e-01 2.755e-01 2.746e-03 7.408e-04 6.719e-03 -1.000 1.527e-02 -7.121 -5.290 -5.030 -4.565 -4.214 -3.931
0.0152 0.01508 7.11000 14.8601427078 2.6291155568   14.689  4.747  4.4008  3.413    1  0.000  0.545     0.00     0.00     0.00     0.00     0.00 -1 -1.94e-08      0.00 7.092e-01 2.755e-01 2.746e-03 7.408e-04 6.719e-03 -1.000 1.527e-02 -7.097 -5.273 -5.014 -4.550 -4.200 -3.917
0.0152 0.01508 7.11000 14.8613338470 2.6291160593   14.690  4.735  4.3943  3.399    1  0.000  0.545     0.00     0.00     0.00     0.00     0.00 -1  -1.7e-08      0.00 7.092e-01 2.755e-01 2.746e-03 7.408e-04 6.719e-03 -1.000 1.527e-02 -7.068 -5.252 -5.003 -4.539 -4.191 -3.901
0.0152 0.01508 7.11000 14.8623781204 2.6291164997   14.691  4.728  4.3829  3.361    1  0.000  0.545     0.00     0.00     0.00     0.00     0.00 -1 -1.41e-08      0.00 7.092e-01 2.755e-01 2.746e-03 7.408e-04 6.719e-03 -1.000 1.527e-02 -7.049 -5.293 -5.057 -4.595 -4.250 -3.966
0.0152 0.01508 7.11000 14.8630256653 2.6291167727   14.692  4.726  4.3732  3.324    1  0.000  0.545     0.00     0.00     0.00     0.00     0.00 -1 -2.75e-08      0.00 7.092e-01 2.755e-01 2.746e-03 7.408e-04 6.719e-03 -1.000 1.527e-02 -7.046 -5.303 -5.082 -4.624 -4.280 -3.987
0.0152 0.01508 7.11000 14.8635797501 2.6291170064   14.692  4.727  4.3639  3.286    1  0.000  0.545     0.00     0.00     0.00     0.00     0.00 -1 -5.25e-08      0.00 7.092e-01 2.755e-01 2.746e-03 7.408e-04 6.719e-03 -1.000 1.527e-02 -7.046 -5.311 -5.106 -4.653 -4.312 -4.010
0.0152 0.01508 7.11000 14.8641424179 2.6291172436   14.693  4.728  4.3536  3.244    1  0.000  0.545     0.00     0.00     0.00     0.00     0.00 -1 -6.86e-08      0.00 7.092e-01 2.755e-01 2.746e-03 7.408e-04 6.719e-03 -1.000 1.527e-02 -7.050 -5.342 -5.154 -4.706 -4.367 -4.063
0.0152 0.01508 7.11000 14.8646011353 2.6291174370   14.693  4.730  4.3446  3.206    1  0.000  0.545     0.00     0.00     0.00     0.00     0.00 -1  -9.5e-08      0.00 7.092e-01 2.755e-01 2.746e-03 7.408e-04 6.719e-03 -1.000 1.527e-02 -7.054 -5.364 -5.192 -4.748 -4.412 -4.104
0.0152 0.01508 7.11000 14.8650665283 2.6291176332   14.693  4.731  4.3350  3.166    1  0.000  0.545     0.00     0.00     0.00     0.00     0.00 -1 -1.38e-07      0.00 7.092e-01 2.755e-01 2.746e-03 7.408e-04 6.719e-03 -1.000 1.527e-02 -7.059 -5.508 -5.334 -4.884 -4.538 -4.282
0.0152 0.01508 7.11000 14.8655405045 2.6291178330   14.694  4.733  4.3247  3.123    1  0.000  0.545     0.00     0.00     0.00     0.00     0.00 -1 -1.95e-07      0.00 7.092e-01 2.755e-01 2.746e-03 7.408e-04 6.719e-03 -1.000 1.527e-02 -7.064 -5.554 -5.396 -4.947 -4.603 -4.352
0.0152 0.01508 7.11000 14.8660202026 2.6291180352   14.694  4.735  4.3138  3.077    1  0.000  0.545     0.00     0.00     0.00     0.00     0.00 -1 -2.28e-07      0.00 7.092e-01 2.755e-01 2.746e-03 7.408e-04 6.719e-03 -1.000 1.527e-02 -7.068 -5.605 -5.463 -5.017 -4.676 -4.430
0.0152 0.01508 7.11000 14.8665065765 2.6291182402   14.694  4.737  4.3021  3.029    1  0.000  0.545     0.00     0.00     0.00     0.00     0.00 -1 -2.23e-07      0.00 7.092e-01 2.755e-01 2.746e-03 7.408e-04 6.719e-03 -1.000 1.527e-02 -7.073 -5.655 -5.531 -5.085 -4.747 -4.506
0.0152 0.01508 7.11000 14.8668756485 2.6291183957   14.695  4.738  4.2929  2.991    1  0.000  0.545     0.00     0.00     0.00     0.00     0.00 -1 -2.19e-07      0.00 7.092e-01 2.755e-01 2.746e-03 7.408e-04 6.719e-03 -1.000 1.527e-02 -7.076 -5.568 -5.489 -5.065 -4.741 -4.449
0.0152 0.01508 7.11000 14.8672513962 2.6291185541   14.695  4.739  4.2832  2.951    1  0.000  0.545     0.00     0.00     0.00     0.00     0.00 -1 -2.15e-07      0.00 7.092e-01 2.755e-01 2.746e-03 7.408e-04 6.719e-03 -1.000 1.527e-02 -7.078 -5.606 -5.543 -5.124 -4.803 -4.515
0.0152 0.01508 7.11000 14.8676290512 2.6291187132   14.695  4.740  4.2730  2.909    1  0.000  0.545     0.00     0.00     0.00     0.00     0.00 -1  -2.1e-07      0.00 7.092e-01 2.755e-01 2.746e-03 7.408e-04 6.719e-03 -1.000 1.527e-02 -7.080 -5.647 -5.599 -5.186 -4.868 -4.584
0.0152 0.01508 7.11000 14.8680114746 2.6291188744   14.696  4.741  4.2623  2.866    1  0.000  0.545     0.00     0.00     0.00     0.00     0.00 -1 -2.06e-07      0.00 7.092e-01 2.755e-01 2.746e-03 7.408e-04 6.719e-03 -1.000 1.527e-02 -7.082 -5.687 -5.657 -5.250 -4.936 -4.656
0.0152 0.01508 7.11000 14.8683977127 2.6291190371   14.696  4.741  4.2510  2.820    1  0.000  0.545     0.00     0.00     0.00     0.00     0.00 -1 -2.01e-07      0.00 7.092e-01 2.755e-01 2.746e-03 7.408e-04 6.719e-03 -1.000 1.527e-02 -7.083 -5.728 -5.718 -5.317 -5.007 -4.731
0.0152 0.01508 7.11000 14.8687877655 2.6291192014   14.696  4.741  4.2391  2.772    1  0.000  0.545     0.00     0.00     0.00     0.00     0.00 -1 -1.96e-07      0.00 7.092e-01 2.755e-01 2.746e-03 7.408e-04 6.719e-03 -1.000 1.527e-02 -7.083 -5.769 -5.782 -5.388 -5.081 -4.809
0.0152 0.01508 7.11000 14.8691825867 2.6291193678   14.696  4.741  4.2264  2.722    1  0.000  0.545     0.00     0.00     0.00     0.00     0.00 -1 -1.89e-07      0.00 7.092e-01 2.755e-01 2.746e-03 7.408e-04 6.719e-03 -1.000 1.527e-02 -7.082 -5.811 -5.849 -5.461 -5.158 -4.892
0.0152 0.01508 7.11000 14.8694467545 2.6291194791   14.697  4.741  4.2176  2.687    1  0.000  0.545     0.00     0.00     0.00     0.00     0.00 -1 -1.86e-07      0.00 7.092e-01 2.755e-01 2.746e-03 7.408e-04 6.719e-03 -1.000 1.527e-02 -7.081 -5.840 -5.896 -5.512 -5.213 -4.950
0.0152 0.01508 7.11000 14.8697128296 2.6291195911   14.697  4.740  4.2084  2.651    1  0.000  0.545     0.00     0.00     0.00     0.00     0.00 -1  -1.8e-07      0.00 7.092e-01 2.755e-01 2.746e-03 7.408e-04 6.719e-03 -1.000 1.527e-02 -7.080 -5.869 -5.944 -5.565 -5.268 -5.009
0.0152 0.01508 7.11000 14.8699817657 2.6291197044   14.697  4.739  4.1987  2.613    1  0.000  0.545     0.00     0.00     0.00     0.00     0.00 -1 -1.76e-07      0.00 7.092e-01 2.755e-01 2.746e-03 7.408e-04 6.719e-03 -1.000 1.527e-02 -7.078 -5.898 -5.993 -5.620 -5.326 -5.071
0.0152 0.01508 7.11000 14.8702516556 2.6291198181   14.697  4.738  4.1887  2.574    1  0.000  0.545     0.00     0.00     0.00     0.00     0.00 -1 -1.71e-07      0.00 7.092e-01 2.755e-01 2.746e-03 7.408e-04 6.719e-03 -1.000 1.527e-02 -7.076 -5.928 -6.045 -5.677 -5.386 -5.136
0.0152 0.01508 7.11000 14.8705234528 2.6291199326   14.697  4.737  4.1781  2.533    1  0.000  0.545     0.00     0.00     0.00     0.00     0.00 -1 -1.65e-07      0.00 7.092e-01 2.755e-01 2.746e-03 7.408e-04 6.719e-03 -1.000 1.527e-02 -7.073 -5.958 -6.098 -5.736 -5.449 -5.203
0.0152 0.01508 7.11000 14.8707962036 2.6291200475   14.698  4.736  4.1671  2.490    1  0.000  0.545     0.00     0.00     0.00     0.00     0.00 -1  -1.6e-07      0.00 7.092e-01 2.755e-01 2.746e-03 7.408e-04 6.719e-03 -1.000 1.527e-02 -7.069 -5.987 -6.153 -5.797 -5.513 -5.273
0.0152 0.01508 7.11000 14.8710708618 2.6291201631   14.698  4.734  4.1554  2.445    1  0.000  0.545     0.00     0.00     0.00     0.00     0.00 -1 -1.54e-07      0.00 7.092e-01 2.755e-01 2.746e-03 7.408e-04 6.719e-03 -1.000 1.527e-02 -7.065 -6.017 -6.209 -5.860 -5.581 -5.345
0.0152 0.01508 7.11000 14.8713483810 2.6291202800   14.698  4.732  4.1431  2.398    1  0.000  0.545     0.00     0.00     0.00     0.00     0.00 -1 -1.49e-07      0.00 7.092e-01 2.755e-01 2.746e-03 7.408e-04 6.719e-03 -1.000 1.527e-02 -7.060 -6.049 -6.266 -5.926 -5.652 -5.422
0.0152 0.01508 7.11000 14.8716268539 2.6291203973   14.698  4.730  4.1299  2.348    1  0.000  0.545     0.00     0.00     0.00     0.00     0.00 -1 -1.42e-07      0.00 7.092e-01 2.755e-01 2.746e-03 7.408e-04 6.719e-03 -1.000 1.527e-02 -7.054 -6.073 -6.331 -5.997 -5.726 -5.502
0.0152 0.01508 7.11000 14.8719062805 2.6291205150   14.699  4.727  4.1160  2.294    1  0.000  0.545     0.00     0.00     0.00     0.00     0.00 -1 -1.37e-07      0.00 7.092e-01 2.755e-01 2.746e-03 7.408e-04 6.719e-03 -1.000 1.527e-02 -7.047 -6.092 -6.402 -6.071 -5.803 -5.587
0.0152 0.01508 7.11000 14.8721876144 2.6291206334   14.699  4.724  4.1011  2.238    1  0.000  0.545     0.00     0.00     0.00     0.00     0.00 -1 -2.38e-07      0.00 7.092e-01 2.755e-01 2.746e-03 7.408e-04 6.719e-03 -1.000 1.527e-02 -7.040 -6.113 -6.474 -6.149 -5.885 -5.676
0.0152 0.01508 7.11000 14.8723287582 2.6291206929   14.699  4.722  4.0932  2.208    1  0.000  0.545     0.00     0.00     0.00     0.00     0.00 -1  -2.3e-07      0.00 7.092e-01 2.755e-01 2.746e-03 7.408e-04 6.719e-03 -1.000 1.527e-02 -7.035 -6.123 -6.511 -6.190 -5.927 -5.723
0.0152 0.01508 7.11000 14.8724708557 2.6291207527   14.699  4.720  4.0850  2.177    1  0.000  0.545     0.00     0.00     0.00     0.00     0.00 -1 -2.23e-07      0.00 7.092e-01 2.755e-01 2.746e-03 7.408e-04 6.719e-03 -1.000 1.527e-02 -7.031 -6.132 -6.549 -6.231 -5.971 -5.772
0.0152 0.01508 7.11000 14.8726148605 2.6291208133   14.699  4.719  4.0765  2.145    1  0.000  0.545     0.00     0.00     0.00     0.00     0.00 -1 -2.53e-07      0.00 7.092e-01 2.755e-01 2.746e-03 7.408e-04 6.719e-03 -1.000 1.527e-02 -7.026 -6.153 -6.579 -6.272 -6.017 -5.822
0.0152 0.01508 7.11000 14.8727579117 2.6291208736   14.699  4.716  4.0676  2.111    1  0.000  0.545     0.00     0.00     0.00     0.00     0.00 -1  -4.8e-07      0.00 7.092e-01 2.755e-01 2.746e-03 7.408e-04 6.719e-03 -1.000 1.527e-02 -7.021 -6.187 -6.602 -6.312 -6.065 -5.874
0.0152 0.01508 7.11000 14.8729019165 2.6291209342   14.699  4.714  4.0583  2.076    1  0.000  0.545     0.00     0.00     0.00     0.00     0.00 -1 -4.65e-07      0.00 7.092e-01 2.755e-01 2.746e-03 7.408e-04 6.719e-03 -1.000 1.527e-02 -7.016 -6.195 -6.641 -6.357 -6.113 -5.928
0.0152 0.01508 7.11000 14.8730468750 2.6291209952   14.699  4.712  4.0485  2.039    1  0.000  0.545     0.00     0.00     0.00     0.00     0.00 -1 -4.47e-07      0.00 7.092e-01 2.755e-01 2.746e-03 7.408e-04 6.719e-03 -1.000 1.527e-02 -7.010 -6.200 -6.681 -6.403 -6.162 -5.984
0.0152 0.01508 7.11000 14.8731927872 2.6291210567   14.699  4.710  4.0383  2.001    1  0.000  0.545     0.00     0.00     0.00     0.00     0.00 -1 -4.32e-07      0.00 7.092e-01 2.755e-01 2.746e-03 7.408e-04 6.719e-03 -1.000 1.527e-02 -7.004 -6.202 -6.722 -6.450 -6.212 -6.041
0.0152 0.01508 7.11000 14.8733406067 2.6291211189   14.699  4.707  4.0275  1.960    1  0.000  0.545     0.00     0.00     0.00     0.00     0.00 -1 -4.34e-07      0.00 7.092e-01 2.755e-01 2.746e-03 7.408e-04 6.719e-03 -1.000 1.527e-02 -6.997 -6.196 -6.766 -6.498 -6.263 -6.100
0.0152 0.01508 7.11000 14.8734884262 2.6291211811   14.699  4.704  4.0161  1.918    1  0.000  0.545     0.00     0.00     0.00     0.00     0.00 -1 -5.26e-07      0.00 7.092e-01 2.755e-01 2.746e-03 7.408e-04 6.719e-03 -1.000 1.527e-02 -6.990 -6.184 -6.811 -6.547 -6.315 -6.162
0.0152 0.01508 7.11000 14.8736400604 2.6291212450   14.699  4.701  4.0041  1.873    1  0.000  0.545     0.00     0.00     0.00     0.00     0.00 -1 -6.27e-07      0.00 7.092e-01 2.755e-01 2.746e-03 7.408e-04 6.719e-03 -1.000 1.527e-02 -6.982 -6.166 -6.857 -6.598 -6.367 -6.225
0.0152 0.01508 7.11000 14.8737936020 2.6291213096   14.699  4.697  3.9911  1.824    1  0.000  0.545     0.00     0.00     0.00     0.00     0.00 -1 -6.01e-07      0.00 7.092e-01 2.755e-01 2.746e-03 7.408e-04 6.719e-03 -1.000 1.527e-02 -6.973 -6.143 -6.904 -6.649 -6.422 -6.292
0.0152 0.01508 7.11000 14.8739509583 2.6291213758   14.699  4.693  3.9772  1.773    1  0.000  0.545     0.00     0.00     0.00     0.00     0.00 -1 -5.72e-07      0.00 7.092e-01 2.755e-01 2.746e-03 7.408e-04 6.719e-03 -1.000 1.527e-02 -6.963 -6.112 -6.952 -6.702 -6.478 -6.362
0.0152 0.01508 7.11000 14.8741121292 2.6291214437   14.699  4.689  3.9620  1.717    1  0.000  0.545     0.00     0.00     0.00     0.00     0.00 -1 -5.43e-07      0.00 7.092e-01 2.755e-01 2.746e-03 7.408e-04 6.719e-03 -1.000 1.527e-02 -6.951 -6.085 -6.989 -6.754 -6.538 -6.436
0.0152 0.01508 7.11000 14.8742752075 2.6291215123   14.699  4.683  3.9456  1.656    1  0.000  0.545     0.00     0.00     0.00     0.00     0.00 -1 -5.94e-07      0.00 7.092e-01 2.755e-01 2.746e-03 7.408e-04 6.719e-03 -1.000 1.527e-02 -6.938 -6.056 -7.018 -6.806 -6.601 -6.513
0.0152 0.01508 7.11000 14.8744421005 2.6291215826   14.699  4.677  3.9277  1.592    1  0.000  0.545     0.00     0.00     0.00     0.00     0.00 -1 -6.47e-07      0.00 7.092e-01 2.755e-01 2.746e-03 7.408e-04 6.719e-03 -1.000 1.527e-02 -6.921 -5.989 -7.060 -6.858 -6.659 -6.591
0.0152 0.01508 7.11000 14.8746147156 2.6291216552   14.699  4.668  3.9075  1.519    1  0.000  0.545     0.00     0.00     0.00     0.00     0.00 -1 -7.14e-07      0.00 7.092e-01 2.755e-01 2.746e-03 7.408e-04 6.719e-03 -1.000 1.527e-02 -6.900 -5.891 -7.081 -6.899 -6.716 -6.665
0.0152 0.01508 7.11000 14.8747940063 2.6291217307   14.699  4.656  3.8849  1.441    1  0.000  0.545     0.00     0.00     0.00     0.00     0.00 -1 -7.66e-07      0.00 7.092e-01 2.755e-01 2.746e-03 7.408e-04 6.719e-03 -1.000 1.527e-02 -6.871 -5.758 -7.059 -6.926 -6.770 -6.733
0.0152 0.01508 7.11000 14.8749847412 2.6291218110   14.699  4.639  3.8585  1.352    1  0.000  0.545     0.00     0.00     0.00     0.00     0.00 -1 -7.13e-07      0.00 7.092e-01 2.755e-01 2.746e-03 7.408e-04 6.719e-03 -1.000 1.527e-02 -6.827 -5.585 -6.979 -6.931 -6.818 -6.793
0.0152 0.01508 7.11000 14.8751878738 2.6291218965   14.699  4.613  3.8300  1.265    1  0.000  0.545     0.00     0.00     0.00     0.00     0.00 -1  -6.1e-07      0.00 7.092e-01 2.755e-01 2.746e-03 7.408e-04 6.719e-03 -1.000 1.527e-02 -6.762 -5.370 -6.827 -6.904 -6.848 -6.833
0.0152 0.01508 7.11000 14.8754100800 2.6291219900   14.699  4.582  3.8016  1.181    1  0.000  0.545     0.00     0.00     0.00     0.00     0.00 -1 -5.33e-07      0.00 7.092e-01 2.755e-01 2.746e-03 7.408e-04 6.719e-03 -1.000 1.527e-02 -6.686 -5.106 -6.624 -6.855 -6.860 -6.856
0.0152 0.01508 7.11000 14.8756628036 2.6291220964   14.699  4.550  3.7704  1.089    1  0.000  0.545     0.00     0.00     0.00     0.00     0.00 -1 -4.54e-07      0.00 7.092e-01 2.755e-01 2.746e-03 7.408e-04 6.719e-03 -1.000 1.527e-02 -6.604 -4.701 -6.353 -6.781 -6.861 -6.880
0.0152 0.01508 7.11000 14.8759422302 2.6291222140   14.699  4.556  3.7425  0.971    1  0.000  0.544     0.00     0.00     0.00     0.00     0.00 -1 -3.81e-07      0.00 7.092e-01 2.755e-01 2.739e-03 7.420e-04 6.719e-03 -1.000 1.527e-02 -6.621 -4.260 -6.171 -6.782 -6.923 -6.972
0.0152 0.01508 7.11000 14.8762550354 2.6291223456   14.699  4.621  3.7120  0.784    1  0.000  0.510     0.00     0.00     0.00     0.00     0.00 -1 -4.74e-07      0.00 7.023e-01 2.824e-01 2.483e-03 1.226e-03 6.495e-03 -1.000 1.529e-02 -6.783 -3.902 -6.107 -6.890 -7.091 -7.178
0.0152 0.01508 7.11000 14.8765888214 2.6291224861   14.699  4.731  3.6771  0.534    1  0.000  0.469     0.00     0.00     0.00     0.00     0.00 -1 -6.25e-07      0.00 6.936e-01 2.911e-01 2.221e-03 1.727e-03 6.256e-03 -1.000 1.529e-02 -7.058 -3.465 -6.088 -7.067 -7.327 -7.466
0.0152 0.01508 7.11000 14.8767471313 2.6291225527   14.699  4.747  3.6642  0.467    1  0.000  0.467     0.00     0.00     0.00     0.00     0.00 -1 -6.73e-07      0.00 6.923e-01 2.924e-01 2.204e-03 1.777e-03 6.221e-03 -1.000 1.531e-02 -7.098 -3.179 -5.994 -7.064 -7.346 -7.503
0.0152 0.01508 7.11000 14.8768348694 2.6291225896   14.699  4.753  3.6564  0.430    1  0.000  0.467     0.00     0.00     0.00     0.00     0.00 -1  -6.9e-07      0.00 6.916e-01 2.931e-01 2.196e-03 1.802e-03 6.204e-03 -1.000 1.532e-02 -7.112 -2.971 -5.920 -7.045 -7.343 -7.513
0.0152 0.01508 7.11000 14.8769340515 2.6291226313   14.699  4.759  3.6474  0.388    1  0.000  0.466     0.00     0.00     0.00     0.00     0.00 -1 -7.08e-07      0.00 6.909e-01 2.938e-01 2.187e-03 1.830e-03 6.185e-03 -1.000 1.532e-02 -7.127 -2.702 -5.829 -7.010 -7.332 -7.521
0.0152 0.01508 7.11000 14.8770456314 2.6291226783   14.699  4.756  3.6382  0.354    1  0.000  0.465     0.00     0.00     0.00     0.00     0.00 -1 -6.92e-07      0.00 6.907e-01 2.940e-01 2.184e-03 1.838e-03 6.180e-03 -1.000 1.533e-02 -7.121 -2.406 -5.710 -6.948 -7.297 -7.507
0.0152 0.01508 7.11000 14.8771677017 2.6291227296   14.699  4.752  3.6285  0.320    1  0.000  0.465     0.00     0.00     0.00     0.00     0.00 -1 -6.67e-07      0.00 6.906e-01 2.941e-01 2.183e-03 1.842e-03 6.177e-03 -1.000 1.533e-02 -7.109 -2.081 -5.572 -6.870 -7.250 -7.483
0.0152 0.01508 7.11000 14.8773059845 2.6291227878   14.699  4.742  3.6191  0.292    1  0.000  0.465     0.00     0.00     0.00     0.00     0.00 -1 -6.32e-07      0.00 6.904e-01 2.942e-01 2.182e-03 1.846e-03 6.174e-03 -1.000 1.533e-02 -7.084 -1.758 -5.417 -6.773 -7.188 -7.445
0.0152 0.01508 7.11000 14.8774595261 2.6291228524   14.699  4.728  3.6089  0.264    1  0.000  0.465     0.00     0.00     0.00     0.00     0.00 -1 -5.85e-07      0.00 6.904e-01 2.943e-01 2.181e-03 1.847e-03 6.173e-03 -1.000 1.533e-02 -7.051 -1.422 -5.235 -6.653 -7.112 -7.396
0.0152 0.01508 7.11000 14.8777751923 2.6291229852   14.699  4.711  3.5915  0.212    1  0.000  0.464     0.00     0.00     0.00     0.00     0.00 -1 -5.12e-07      0.00 6.904e-01 2.943e-01 2.175e-03 1.852e-03 6.173e-03 -1.000 1.533e-02 -7.008 -0.913 -4.911 -6.424 -6.983 -7.325
0.0152 0.01508 7.11000 14.8781528473 2.6291231441   14.700  4.715  3.5758  0.146    1  0.000  0.455     0.00     0.00     0.00     0.00     0.00 -1 -4.68e-07      0.00 6.889e-01 2.958e-01 2.110e-03 1.959e-03 6.129e-03 -1.000 1.533e-02 -7.016 -0.568 -4.617 -6.185 -6.891 -7.308
0.0152 0.01508 7.11000 14.8782634735 2.6291231907   14.699  4.728  3.5720  0.118    1  0.000  0.446     0.00     0.00     0.00     0.00     0.00 -1 -4.84e-07      0.00 6.859e-01 2.987e-01 2.031e-03 2.123e-03 6.044e-03 -1.000 1.533e-02 -7.050 -0.516 -4.568 -6.144 -6.897 -7.335
0.0152 0.01508 7.11000 14.8783369064 2.6291232216   14.700  4.741  3.5695  0.094    1  0.000  0.439     0.00     0.00     0.00     0.00     0.00 -1  -5.1e-07      0.00 6.836e-01 3.011e-01 1.976e-03 2.247e-03 5.977e-03 -1.000 1.533e-02 -7.083 -0.490 -4.543 -6.124 -6.910 -7.364
0.0152 0.01508 7.11000 14.8783931732 2.6291232452   14.700  4.753  3.5678  0.075    1  0.000  0.437     0.00     0.00     0.00     0.00     0.00 -1 -5.38e-07      0.00 6.827e-01 3.020e-01 1.956e-03 2.292e-03 5.951e-03 -1.000 1.533e-02 -7.112 -0.478 -4.525 -6.107 -6.924 -7.390
0.0152 0.01508 7.11000 14.8785095215 2.6291232942   14.700  4.773  3.5647  0.043    1  0.000  0.432     0.00     0.00     0.00     0.00     0.00 -1 -5.78e-07      0.00 6.818e-01 3.029e-01 1.926e-03 2.347e-03 5.925e-03 -1.000 1.533e-02 -7.163 -0.458 -4.495 -6.077 -6.947 -7.434
0.0152 0.01508 7.11000 14.8793239594 2.6291236368   14.700  4.877  3.5524 -0.110    1  0.000  0.400     0.00     0.00     0.00     0.00     0.00 -1 -9.31e-07      0.00 6.693e-01 3.154e-01 1.689e-03 2.878e-03 5.629e-03 -1.000 1.535e-02 -7.423 -0.425 -4.375 -5.945 -7.077 -7.664
0.0152 0.01508 7.11000 14.9079904556 2.6291356678   14.694  4.862  3.5544 -0.087    1  0.000  0.399     0.00     0.00     0.00     0.00     0.00 -1 -8.99e-07      0.00 6.674e-01 3.173e-01 1.671e-03 2.939e-03 5.585e-03 -1.000 1.533e-02 -7.385 -0.432 -4.404 -5.979 -7.062 -7.632
0.0152 0.01508 7.11000 14.9250688553 2.6291428101   14.693  4.841  3.5570 -0.056    1  0.000  0.399     0.00     0.00     0.00     0.00     0.00 -1 -8.19e-07      0.00 6.672e-01 3.175e-01 1.669e-03 2.946e-03 5.579e-03 -1.000 1.532e-02 -7.332 -0.440 -4.437 -6.018 -7.040 -7.587
0.0152 0.01508 7.11000 14.9510889053 2.6291536559   14.695  4.805  3.5615 -0.002    1  0.000  0.399     0.00     0.00     0.00     0.00     0.00 -1 -6.93e-07      0.00 6.670e-01 3.177e-01 1.668e-03 2.949e-03 5.577e-03 -1.000 1.532e-02 -7.243 -0.455 -4.488 -6.073 -6.998 -7.508
0.0152 0.01508 7.11000 14.9880304337 2.6291689796   14.705  4.774  3.5663  0.048    1  0.000  0.399     0.00     0.00     0.00     0.00     0.00 -1 -5.95e-07      0.00 6.668e-01 3.179e-01 1.667e-03 2.953e-03 5.573e-03 -1.000 1.532e-02 -7.165 -0.487 -4.537 -6.121 -6.964 -7.440
0.0152 0.01508 7.11000 15.1106872559 2.6292192416   14.750  4.737  3.5876  0.172    1  0.000  0.399     0.00     0.00     0.00     0.00     0.00 -1 -4.88e-07      0.00 6.660e-01 3.187e-01 1.664e-03 2.968e-03 5.561e-03 -1.000 1.531e-02 -7.072 -0.861 -4.900 -6.434 -7.024 -7.383
0.0152 0.01508 7.11000 15.1660194397 2.6292416096   14.771  4.771  3.6905  0.551    1  0.000  0.399     0.00     0.00     0.00     0.00     0.00 -1 -4.82e-07      0.00 6.657e-01 3.190e-01 1.663e-03 2.974e-03 5.556e-03 -1.000 1.531e-02 -7.156 -3.851 -6.305 -7.204 -7.444 -7.564
0.0152 0.01508 7.11000 15.1736650467 2.6292446856   14.774  4.775  3.7043  0.602    1  0.000  0.399     0.00     0.00     0.00     0.00     0.00 -1  -4.8e-07      0.00 6.656e-01 3.191e-01 1.663e-03 2.975e-03 5.555e-03 -1.000 1.531e-02 -7.167 -4.143 -6.431 -7.254 -7.469 -7.568
0.0152 0.01508 7.11000 15.1767101288 2.6292459097   14.775  4.776  3.7093  0.621    1  0.000  0.399     0.00     0.00     0.00     0.00     0.00 -1 -4.77e-07      0.00 6.656e-01 3.191e-01 1.663e-03 2.975e-03 5.555e-03 -1.000 1.531e-02 -7.169 -4.243 -6.475 -7.270 -7.476 -7.567
0.0152 0.01508 7.11000 15.1784381866 2.6292466042   14.776  4.776  3.7121  0.632    1  0.000  0.399     0.00     0.00     0.00     0.00     0.00 -1 -4.76e-07      0.00 6.656e-01 3.191e-01 1.663e-03 2.976e-03 5.554e-03 -1.000 1.531e-02 -7.171 -4.297 -6.499 -7.278 -7.479 -7.566
0.0152 0.01508 7.11000 15.1791820526 2.6292469030   14.776  4.777  3.7134  0.636    1  0.000  0.399     0.00     0.00     0.00     0.00     0.00 -1 -4.75e-07      0.00 6.656e-01 3.191e-01 1.663e-03 2.976e-03 5.554e-03 -1.000 1.531e-02 -7.172 -4.320 -6.509 -7.282 -7.480 -7.566
0.0152 0.01508 7.11000 15.1796836853 2.6292471045   14.776  4.777  3.7142  0.639    1  0.000  0.399     0.00     0.00     0.00     0.00     0.00 -1 -4.75e-07      0.00 6.656e-01 3.191e-01 1.663e-03 2.976e-03 5.554e-03 -1.000 1.531e-02 -7.172 -4.335 -6.516 -7.284 -7.481 -7.565
0.0152 0.01508 7.11000 15.1798896790 2.6292471873   14.776  4.777  3.7145  0.641    1  0.000  0.399     0.00     0.00     0.00     0.00     0.00 -1 -4.75e-07      0.00 6.656e-01 3.191e-01 1.663e-03 2.976e-03 5.554e-03 -1.000 1.531e-02 -7.172 -4.342 -6.519 -7.285 -7.481 -7.565
0.0152 0.01508 7.11000 15.1801071167 2.6292472746   14.777  4.777  3.7149  0.642    1  0.000  0.399     0.00     0.00     0.00     0.00     0.00 -1 -4.75e-07      0.00 6.656e-01 3.191e-01 1.663e-03 2.976e-03 5.554e-03 -1.000 1.531e-02 -7.173 -4.348 -6.522 -7.286 -7.481 -7.565
0.0152 0.01508 7.11000 15.1803236008 2.6292473616   14.777  4.777  3.7153  0.644    1  0.000  0.399     0.00     0.00     0.00     0.00     0.00 -1 -4.74e-07      0.00 6.656e-01 3.191e-01 1.663e-03 2.976e-03 5.554e-03 -1.000 1.531e-02 -7.173 -4.355 -6.525 -7.287 -7.482 -7.565
0.0152 0.01508 7.11000 15.1805677414 2.6292474597   14.777  4.777  3.7157  0.645    1  0.000  0.399     0.00     0.00     0.00     0.00     0.00 -1 -4.74e-07      0.00 6.656e-01 3.191e-01 1.663e-03 2.976e-03 5.554e-03 -1.000 1.531e-02 -7.173 -4.363 -6.529 -7.288 -7.482 -7.565
0.0152 0.01508 7.11000 15.1808376312 2.6292475681   14.777  4.777  3.7161  0.647    1  0.000  0.399     0.00     0.00     0.00     0.00     0.00 -1 -4.74e-07      0.00 6.656e-01 3.191e-01 1.663e-03 2.976e-03 5.554e-03 -1.000 1.531e-02 -7.173 -4.371 -6.533 -7.289 -7.482 -7.565
0.0152 0.01508 7.11000 15.1811418533 2.6292476903   14.777  4.777  3.7166  0.649    1  0.000  0.399     0.00     0.00     0.00     0.00     0.00 -1 -4.74e-07      0.00 6.656e-01 3.191e-01 1.663e-03 2.976e-03 5.554e-03 -1.000 1.531e-02 -7.173 -4.380 -6.537 -7.291 -7.483 -7.564
0.0152 0.01508 7.11000 15.1814785004 2.6292478255   14.777  4.778  3.7172  0.651    1  0.000  0.399     0.00     0.00     0.00     0.00     0.00 -1 -4.74e-07      0.00 6.656e-01 3.191e-01 1.663e-03 2.976e-03 5.554e-03 -1.000 1.531e-02 -7.174 -4.391 -6.542 -7.292 -7.483 -7.564
0.0152 0.01508 7.11000 15.1818571091 2.6292479775   14.777  4.778  3.7178  0.653    1  0.000  0.399     0.00     0.00     0.00     0.00     0.00 -1 -4.73e-07      0.00 6.656e-01 3.191e-01 1.663e-03 2.976e-03 5.554e-03 -1.000 1.531e-02 -7.174 -4.403 -6.547 -7.294 -7.484 -7.564
0.0152 0.01508 7.11000 15.1822814941 2.6292481479   14.778  4.778  3.7185  0.656    1  0.000  0.399     0.00     0.00     0.00     0.00     0.00 -1 -4.73e-07      0.00 6.656e-01 3.191e-01 1.663e-03 2.976e-03 5.554e-03 -1.000 1.531e-02 -7.175 -4.416 -6.553 -7.296 -7.485 -7.564
0.0152 0.01508 7.11000 15.1827545166 2.6292483379   14.778  4.778  3.7193  0.659    1  0.000  0.399     0.00     0.00     0.00     0.00     0.00 -1 -4.73e-07      0.00 6.656e-01 3.191e-01 1.663e-03 2.976e-03 5.554e-03 -1.000 1.531e-02 -7.175 -4.430 -6.560 -7.298 -7.485 -7.563
0.0152 0.01508 7.11000 15.1832828522 2.6292485500   14.778  4.778  3.7204  0.663    1  0.000  0.399     0.00     0.00     0.00     0.00     0.00 -1 -4.73e-07      0.00 6.656e-01 3.191e-01 1.663e-03 2.976e-03 5.554e-03 -1.000 1.531e-02 -7.176 -4.451 -6.569 -7.302 -7.486 -7.563
0.0152 0.01508 7.11000 15.1838760376 2.6292487882   14.778  4.779  3.7218  0.668    1  0.000  0.399     0.00     0.00     0.00     0.00     0.00 -1 -4.73e-07      0.00 6.656e-01 3.191e-01 1.663e-03 2.976e-03 5.554e-03 -1.000 1.531e-02 -7.177 -4.476 -6.581 -7.305 -7.487 -7.562
0.0152 0.01508 7.11000 15.1845359802 2.6292490531   14.779  4.779  3.7233  0.674    1  0.000  0.399     0.00     0.00     0.00     0.00     0.00 -1 -4.74e-07      0.00 6.656e-01 3.191e-01 1.663e-03 2.976e-03 5.554e-03 -1.000 1.531e-02 -7.178 -4.504 -6.594 -7.309 -7.488 -7.561
0.0152 0.01508 7.11000 15.1852760315 2.6292493502   14.779  4.780  3.7251  0.680    1  0.000  0.399     0.00     0.00     0.00     0.00     0.00 -1 -4.74e-07      0.00 6.656e-01 3.191e-01 1.663e-03 2.976e-03 5.554e-03 -1.000 1.531e-02 -7.179 -4.535 -6.609 -7.314 -7.489 -7.560
0.0152 0.01508 7.11000 15.1861038208 2.6292496824   14.779  4.780  3.7270  0.688    1  0.000  0.399     0.00     0.00     0.00     0.00     0.00 -1 -4.75e-07      0.00 6.656e-01 3.191e-01 1.663e-03 2.977e-03 5.554e-03 -1.000 1.531e-02 -7.180 -4.571 -6.625 -7.319 -7.490 -7.559
0.0152 0.01508 7.11000 15.1870279312 2.6292500532   14.779  4.781  3.7292  0.696    1  0.000  0.399     0.00     0.00     0.00     0.00     0.00 -1 -4.75e-07      0.00 6.656e-01 3.191e-01 1.663e-03 2.977e-03 5.554e-03 -1.000 1.531e-02 -7.182 -4.610 -6.644 -7.325 -7.492 -7.557
0.0152 0.01508 7.11000 15.1880607605 2.6292504677   14.780  4.781  3.7316  0.705    1  0.000  0.399     0.00     0.00     0.00     0.00     0.00 -1 -4.76e-07      0.00 6.656e-01 3.191e-01 1.663e-03 2.977e-03 5.553e-03 -1.000 1.531e-02 -7.183 -4.650 -6.663 -7.331 -7.493 -7.556
0.0152 0.01508 7.11000 15.1892166138 2.6292509314   14.780  4.782  3.7344  0.715    1  0.000  0.399     0.00     0.00     0.00     0.00     0.00 -1 -4.77e-07      0.00 6.655e-01 3.191e-01 1.663e-03 2.977e-03 5.553e-03 -1.000 1.531e-02 -7.185 -4.692 -6.684 -7.337 -7.494 -7.554
0.0152 0.01508 7.11000 15.1905078888 2.6292514493   14.781  4.783  3.7374  0.726    1  0.000  0.399     0.00     0.00     0.00     0.00     0.00 -1 -4.77e-07      0.00 6.655e-01 3.192e-01 1.663e-03 2.977e-03 5.553e-03 -1.000 1.531e-02 -7.187 -4.739 -6.708 -7.344 -7.494 -7.551
0.0152 0.01508 7.11000 15.1935682297 2.6292526764   14.782  4.785  3.7446  0.753    1  0.000  0.399     0.00     0.00     0.00     0.00     0.00 -1 -4.79e-07      0.00 6.655e-01 3.192e-01 1.662e-03 2.977e-03 5.553e-03 -1.000 1.531e-02 -7.192 -4.877 -6.769 -7.357 -7.492 -7.540
0.0152 0.01508 7.11000 15.2016439438 2.6292559118   14.785  4.790  3.7637  0.825    1  0.000  0.399     0.00     0.00     0.00     0.00     0.00 -1 -4.84e-07      0.00 6.655e-01 3.192e-01 1.662e-03 2.978e-03 5.552e-03 -1.000 1.531e-02 -7.206 -5.190 -6.918 -7.384 -7.477 -7.505
0.0152 0.01508 7.11000 15.2515602112 2.6292758225   14.805  4.822  3.8828  1.269    1  0.000  0.399     0.00     0.00     0.00     0.00     0.00 -1 -5.09e-07      0.00 6.652e-01 3.195e-01 1.661e-03 2.984e-03 5.547e-03 -1.000 1.531e-02 -7.286 -6.176 -7.473 -7.346 -7.190 -7.160
0.0152 0.01508 7.11000 15.2999200821 2.6292949700   14.824  4.853  4.0001  1.708    1  0.000  0.399     0.00     0.00     0.00     0.00     0.00 -1  -5.2e-07      0.00 6.649e-01 3.198e-01 1.660e-03 2.990e-03 5.543e-03 -1.000 1.530e-02 -7.362 -6.543 -7.255 -6.997 -6.768 -6.629
0.0152 0.01508 7.11000 15.3275194168 2.6293058353   14.831  4.860  4.0657  1.964    1  0.000  0.399     0.00     0.00     0.00     0.00     0.00 -1 -3.23e-07      0.00 6.647e-01 3.200e-01 1.659e-03 2.993e-03 5.540e-03 -1.000 1.530e-02 -7.381 -6.560 -6.964 -6.680 -6.436 -6.246
0.0152 0.01508 7.11000 15.3399286270 2.6293107059   14.838  4.862  4.0671  1.967    1  0.000  0.399     0.00     0.00     0.00     0.00     0.00 -1 -3.26e-07      0.00 6.646e-01 3.201e-01 1.659e-03 2.994e-03 5.539e-03 -1.000 1.530e-02 -7.385 -6.564 -6.962 -6.678 -6.433 -6.242
0.0152 0.01508 7.11000 15.3755502701 2.6293246372   14.858  4.867  4.0678  1.966    2  0.000  0.399     0.00     0.00     0.00     0.00     0.00 -1  -3.3e-07      0.00 6.644e-01 3.203e-01 1.658e-03 2.999e-03 5.535e-03 -1.000 1.530e-02 -7.398 -6.576 -6.971 -6.687 -6.442 -6.250
0.0152 0.01508 7.11000 15.4051065445 2.6293361402   14.875  4.871  4.0641  1.948    2  0.000  0.399     0.00     0.00     0.00     0.00     0.00 -1 -3.28e-07      0.00 6.642e-01 3.205e-01 1.657e-03 3.002e-03 5.532e-03 -1.000 1.530e-02 -7.407 -6.589 -6.999 -6.716 -6.472 -6.283
0.0152 0.01508 7.11000 15.4208078384 2.6293422303   14.866  4.872  4.0597  1.929    2  0.000  0.399     0.00     0.00     0.00     0.00     0.00 -1 -7.21e-07      0.00 6.642e-01 3.205e-01 1.657e-03 3.004e-03 5.531e-03 -1.000 1.530e-02 -7.409 -6.596 -7.023 -6.742 -6.499 -6.313
0.0152 0.01508 7.11000 15.4326286316 2.6293468059   14.855  4.872  4.0553  1.911    2  0.000  0.399     0.00     0.00     0.00     0.00     0.00 -1 -7.13e-07      0.00 6.641e-01 3.206e-01 1.657e-03 3.005e-03 5.530e-03 -1.000 1.530e-02 -7.411 -6.601 -7.046 -6.767 -6.525 -6.342
0.0152 0.01508 7.11000 15.4436235428 2.6293510546   14.846  4.873  4.0510  1.893    2  0.000  0.399     0.00     0.00     0.00     0.00     0.00 -1 -7.11e-07      0.00 6.640e-01 3.207e-01 1.657e-03 3.006e-03 5.529e-03 -1.000 1.530e-02 -7.412 -6.605 -7.069 -6.791 -6.551 -6.370
0.0152 0.01508 7.11000 15.4547653198 2.6293553529   14.836  4.874  4.0461  1.872    2  0.000  0.399     0.00     0.00     0.00     0.00     0.00 -1 -7.02e-07      0.00 6.640e-01 3.207e-01 1.656e-03 3.008e-03 5.528e-03 -1.000 1.530e-02 -7.414 -6.609 -7.094 -6.819 -6.579 -6.403
0.0152 0.01508 7.11000 15.4638099670 2.6293588370   14.829  4.874  4.0415  1.853    2  0.000  0.399     0.00     0.00     0.00     0.00     0.00 -1 -6.98e-07      0.00 6.639e-01 3.208e-01 1.656e-03 3.009e-03 5.527e-03 -1.000 1.530e-02 -7.415 -6.613 -7.117 -6.844 -6.606 -6.432
0.0152 0.01508 7.11000 15.4744453430 2.6293629278   14.820  4.874  4.0356  1.829    2  0.000  0.400     0.00     0.00     0.00     0.00     0.00 -1 -6.93e-07      0.00 6.638e-01 3.209e-01 1.656e-03 3.010e-03 5.526e-03 -1.000 1.530e-02 -7.416 -6.615 -7.147 -6.876 -6.639 -6.470
0.0152 0.01508 7.11000 15.4830846786 2.6293662461   14.813  4.875  4.0305  1.808    2  0.000  0.400     0.00     0.00     0.00     0.00     0.00 -1 -6.82e-07      0.00 6.638e-01 3.209e-01 1.656e-03 3.011e-03 5.525e-03 -1.000 1.530e-02 -7.417 -6.616 -7.172 -6.903 -6.667 -6.502
0.0152 0.01508 7.11000 15.4867887497 2.6293676676   14.811  4.875  4.0282  1.798    2  0.000  0.400     0.00     0.00     0.00     0.00     0.00 -1 -6.81e-07      0.00 6.638e-01 3.209e-01 1.656e-03 3.011e-03 5.525e-03 -1.000 1.530e-02 -7.417 -6.616 -7.183 -6.915 -6.680 -6.517
0.0152 0.01508 7.11000 15.4920530319 2.6293696863   14.807  4.875  4.0247  1.784    2  0.000  0.400     0.00     0.00     0.00     0.00     0.00 -1 -6.82e-07      0.00 6.637e-01 3.210e-01 1.655e-03 3.012e-03 5.524e-03 -1.000 1.529e-02 -7.418 -6.616 -7.200 -6.933 -6.699 -6.538
0.0152 0.01508 7.11000 15.4997406006 2.6293726316   14.801  4.876  4.0193  1.762    3  0.000  0.400     6.10     7.03     5.27     3.67     3.04  3  -7.8e-07      0.00 6.637e-01 3.210e-01 1.655e-03 3.013e-03 5.523e-03 -1.000 1.529e-02 -7.419 -6.615 -7.225 -6.961 -6.727 -6.571
0.0152 0.01508 7.11000 15.5071945190 2.6293754841   14.796  4.876  4.0138  1.740    3  0.000  0.400     6.44     7.32     5.48     3.82     3.16  3  -8.9e-07      0.00 6.636e-01 3.211e-01 1.655e-03 3.014e-03 5.523e-03 -1.000 1.529e-02 -7.420 -6.612 -7.251 -6.988 -6.756 -6.605
0.0152 0.01508 7.11000 15.5144987106 2.6293782762   14.789  4.876  4.0079  1.715    3  0.000  0.400     6.83     7.64     5.71     3.98     3.30  3 -9.18e-07      0.00 6.636e-01 3.211e-01 1.655e-03 3.015e-03 5.522e-03 -1.000 1.529e-02 -7.421 -6.609 -7.278 -7.018 -6.787 -6.641
0.0152 0.01508 7.11000 15.5202302933 2.6293804651   14.784  4.876  4.0029  1.695    3  0.000  0.400     7.17     7.93     5.91     4.13     3.42  3 -9.04e-07      0.00 6.636e-01 3.211e-01 1.655e-03 3.015e-03 5.521e-03 -1.000 1.529e-02 -7.421 -6.604 -7.301 -7.042 -6.812 -6.671
0.0152 0.01508 7.11000 15.5258684158 2.6293826165   14.778  4.876  3.9975  1.673    3  0.000  0.400     7.56     8.25     6.14     4.29     3.55  3 -8.89e-07      0.00 6.635e-01 3.212e-01 1.655e-03 3.016e-03 5.521e-03 -1.000 1.529e-02 -7.421 -6.599 -7.324 -7.067 -6.839 -6.703
0.0152 0.01508 7.11000 15.5327777863 2.6293852505   14.772  4.877  3.9905  1.645    3  0.000  0.400     8.10     8.68     6.45     4.51     3.73  3 -8.71e-07      0.00 6.635e-01 3.212e-01 1.654e-03 3.017e-03 5.520e-03 -1.000 1.529e-02 -7.421 -6.590 -7.355 -7.100 -6.873 -6.744
0.0152 0.01508 7.11000 15.5395345688 2.6293878238   14.766  4.877  3.9832  1.615    3  0.000  0.400     8.70     9.16     6.79     4.75     3.93  3 -8.57e-07      0.00 6.635e-01 3.213e-01 1.654e-03 3.017e-03 5.520e-03 -1.000 1.529e-02 -7.422 -6.580 -7.386 -7.134 -6.908 -6.786
0.0152 0.01508 7.11000 15.5461378098 2.6293903360   14.761  4.877  3.9751  1.583    3  0.000  0.400     9.41     9.70     7.17     5.02     4.16  3 -8.37e-07      0.00 6.634e-01 3.213e-01 1.654e-03 3.018e-03 5.519e-03 -1.000 1.529e-02 -7.421 -6.566 -7.419 -7.169 -6.946 -6.832
0.0152 0.01508 7.11000 15.5500249863 2.6293918138   14.758  4.877  3.9701  1.563    3  0.000  0.400     9.88    10.06     7.43     5.20     4.31  3 -8.22e-07      0.00 6.634e-01 3.213e-01 1.654e-03 3.019e-03 5.519e-03 -1.000 1.529e-02 -7.421 -6.557 -7.439 -7.191 -6.969 -6.860
0.0152 0.01508 7.11000 15.5538568497 2.6293932697   14.756  4.876  3.9648  1.542    3  0.000  0.400    10.40    10.46     7.70     5.40     4.47  3 -8.11e-07      0.00 6.634e-01 3.213e-01 1.654e-03 3.019e-03 5.518e-03 -1.000 1.529e-02 -7.421 -6.560 -7.448 -7.212 -6.995 -6.890
0.0152 0.01508 7.11000 15.5576295853 2.6293947024   14.752  4.876  3.9591  1.519    3  0.000  0.400    10.99    10.90     8.01     5.62     4.65  3 -9.21e-07      0.00 6.633e-01 3.214e-01 1.654e-03 3.020e-03 5.518e-03 -1.000 1.529e-02 -7.421 -6.564 -7.456 -7.234 -7.023 -6.922
0.0152 0.01508 7.11000 15.5613479614 2.6293961136   14.744  4.876  3.9526  1.493    3  0.000  0.400    11.69    11.41     8.37     5.88     4.87  3 -1.34e-06      0.00 6.633e-01 3.214e-01 1.654e-03 3.020e-03 5.517e-03 -1.000 1.529e-02 -7.420 -6.566 -7.465 -7.258 -7.053 -6.958
0.0152 0.01508 7.11000 15.5650072098 2.6293975016   14.737  4.875  3.9459  1.466    3  0.000  0.400    12.48    11.98     8.77     6.16     5.10  3 -1.95e-06      0.00 6.633e-01 3.214e-01 1.654e-03 3.020e-03 5.517e-03 -1.000 1.529e-02 -7.418 -6.553 -7.485 -7.285 -7.082 -6.994
0.0152 0.01508 7.11000 15.5674133301 2.6293984139   14.732  4.875  3.9412  1.448    3  0.000  0.400    13.05    12.38     9.05     6.36     5.27  3 -2.48e-06      0.00 6.633e-01 3.214e-01 1.654e-03 3.021e-03 5.517e-03 -1.000 1.529e-02 -7.418 -6.538 -7.504 -7.303 -7.101 -7.019
0.0152 0.01508 7.11000 15.5697946548 2.6293993164   14.727  4.875  3.9357  1.426    3  0.000  0.400    13.75    12.87     9.39     6.61     5.47  3 -2.44e-06      0.00 6.633e-01 3.214e-01 1.654e-03 3.021e-03 5.517e-03 -1.000 1.529e-02 -7.417 -6.520 -7.524 -7.323 -7.122 -7.047
0.0152 0.01508 7.11000 15.5709743500 2.6293997634   14.724  4.874  3.9330  1.416    3  0.000  0.400    14.11    13.12     9.57     6.73     5.58  3 -2.41e-06      0.00 6.633e-01 3.214e-01 1.654e-03 3.021e-03 5.517e-03 -1.000 1.529e-02 -7.416 -6.511 -7.533 -7.333 -7.133 -7.061
0.0152 0.01508 7.11000 15.5754680634 2.6294014654   14.714  4.874  3.9203  1.365    3  0.000  0.400    15.94    14.37    10.43     7.35     6.09  3 -2.35e-06      0.00 6.632e-01 3.215e-01 1.653e-03 3.022e-03 5.516e-03 -1.000 1.529e-02 -7.414 -6.472 -7.558 -7.375 -7.184 -7.122
0.0152 0.01508 7.11000 15.5843563080 2.6294048286   14.696  4.869  3.8854  1.229    3  0.000  0.400    22.16    18.37    13.19     9.33     7.74  3 -2.12e-06      0.00 6.632e-01 3.215e-01 1.653e-03 3.023e-03 5.515e-03 -1.000 1.529e-02 -7.403 -6.310 -7.592 -7.458 -7.299 -7.268
0.0152 0.01508 7.11000 15.5934352875 2.6294082594   14.680  4.846  3.8386  1.065    3  0.000  0.400    32.98    24.71    17.51    12.43    10.32  3 -1.69e-06      0.00 6.631e-01 3.216e-01 1.653e-03 3.024e-03 5.514e-03 -1.000 1.529e-02 -7.345 -6.001 -7.451 -7.476 -7.398 -7.388
0.0152 0.01508 7.11000 15.5995616913 2.6294105718   14.671  4.837  3.8227  1.011    3  0.000  0.400    37.63    27.27    19.24    13.68    11.36  3  -1.5e-06      0.00 6.631e-01 3.216e-01 1.653e-03 3.024e-03 5.514e-03 -1.000 1.529e-02 -7.321 -5.877 -7.369 -7.471 -7.426 -7.420
0.0152 0.01508 7.11000 15.6054344177 2.6294127866   14.662  4.844  3.8140  0.968    3  0.000  0.400    41.67    29.43    20.69    14.73    12.23  3 -1.54e-06      0.00 6.631e-01 3.216e-01 1.653e-03 3.025e-03 5.513e-03 -1.000 1.529e-02 -7.340 -5.837 -7.351 -7.499 -7.472 -7.469
0.0152 0.01508 7.11000 15.6110076904 2.6294148866   14.654  4.845  3.8064  0.936    3  0.000  0.400    45.02    31.18    21.86    15.58    12.93  3 -1.51e-06      0.00 6.630e-01 3.217e-01 1.653e-03 3.026e-03 5.513e-03 -1.000 1.529e-02 -7.342 -5.778 -7.317 -7.510 -7.500 -7.500
0.0152 0.01508 7.11000 15.6162757874 2.6294168701   14.647  4.846  3.7984  0.904    3  0.000  0.400    48.74    33.08    23.13    16.50    13.70  3  -1.5e-06      0.00 6.630e-01 3.217e-01 1.653e-03 3.026e-03 5.512e-03 -1.000 1.529e-02 -7.344 -5.719 -7.278 -7.518 -7.526 -7.529
0.0152 0.01508 7.11000 15.6212472916 2.6294187404   14.641  4.847  3.7901  0.869    3  0.000  0.400    52.95    35.19    24.53    17.51    14.55  3 -1.48e-06      0.00 6.630e-01 3.217e-01 1.652e-03 3.027e-03 5.512e-03 -1.000 1.529e-02 -7.346 -5.645 -7.235 -7.525 -7.551 -7.560
0.0152 0.01508 7.11000 15.6259326935 2.6294205019   14.635  4.847  3.7813  0.834    3  0.000  0.400    57.75    37.54    26.10    18.65    15.49  3 -1.46e-06      0.00 6.629e-01 3.218e-01 1.652e-03 3.027e-03 5.511e-03 -1.000 1.529e-02 -7.348 -5.548 -7.184 -7.531 -7.577 -7.591
0.0152 0.01508 7.11000 15.6303434372 2.6294221591   14.630  4.847  3.7720  0.796    3  0.000  0.400    63.30    40.20    27.86    19.93    16.56  3 -1.43e-06      0.00 6.629e-01 3.218e-01 1.652e-03 3.028e-03 5.511e-03 -1.000 1.529e-02 -7.349 -5.432 -7.119 -7.531 -7.603 -7.625
0.0152 0.01508 7.11000 15.6344909668 2.6294237163   14.625  4.848  3.7619  0.755    3  0.000  0.400    69.79    43.24    29.87    21.39    17.78  3  -1.4e-06      0.00 6.629e-01 3.218e-01 1.652e-03 3.028e-03 5.511e-03 -1.000 1.529e-02 -7.349 -5.303 -7.052 -7.528 -7.624 -7.654
0.0152 0.01508 7.11000 15.6383848190 2.6294251775   14.621  4.848  3.7511  0.712    3  0.000  0.400    77.52    46.77    32.19    23.08    19.18  3 -1.37e-06      0.00 6.629e-01 3.218e-01 1.652e-03 3.029e-03 5.510e-03 -1.000 1.529e-02 -7.349 -5.152 -6.978 -7.520 -7.640 -7.681
0.0152 0.01508 7.11000 15.6420373917 2.6294265473   14.618  4.847  3.7390  0.664    3  0.000  0.400    87.10    51.01    34.98    25.11    20.88  3 -1.33e-06      0.00 6.629e-01 3.219e-01 1.652e-03 3.029e-03 5.510e-03 -1.000 1.529e-02 -7.348 -4.925 -6.882 -7.507 -7.654 -7.709
0.0152 0.01508 7.11000 15.6454610825 2.6294278306   14.615  4.846  3.7253  0.610    3  0.000  0.400    99.26    56.24    38.39    27.60    22.95  3 -1.28e-06      0.00 6.628e-01 3.219e-01 1.652e-03 3.030e-03 5.509e-03 -1.000 1.529e-02 -7.345 -4.706 -6.778 -7.481 -7.655 -7.726
0.0152 0.01508 7.11000 15.6470899582 2.6294284410   14.613  4.845  3.7174  0.579    3  0.000  0.400   106.84    59.42    40.46    29.11    24.21  3 -1.25e-06      0.00 6.628e-01 3.219e-01 1.652e-03 3.030e-03 5.509e-03 -1.000 1.529e-02 -7.342 -4.566 -6.714 -7.462 -7.652 -7.733
0.0152 0.01508 7.11000 15.6486663818 2.6294290315   14.612  4.843  3.7094  0.549    3  0.000  0.400   114.92    62.74    42.62    30.69    25.53  3 -1.22e-06      0.00 6.628e-01 3.219e-01 1.652e-03 3.030e-03 5.509e-03 -1.000 1.529e-02 -7.338 -4.415 -6.645 -7.438 -7.644 -7.736
0.0152 0.01508 7.11000 15.6501893997 2.6294296019   14.611  4.840  3.7023  0.524    3  0.000  0.400   122.25    65.70    44.54    32.09    26.70  3 -1.18e-06      0.00 6.628e-01 3.219e-01 1.652e-03 3.030e-03 5.509e-03 -1.000 1.529e-02 -7.331 -4.271 -6.580 -7.413 -7.632 -7.734
0.0152 0.01508 7.11000 15.6516618729 2.6294301533   14.610  4.837  3.6957  0.500    3  0.000  0.400   129.39    68.54    46.38    33.44    27.82  3 -1.15e-06      0.00 6.628e-01 3.219e-01 1.652e-03 3.030e-03 5.509e-03 -1.000 1.529e-02 -7.323 -4.128 -6.517 -7.386 -7.617 -7.729
0.0152 0.01508 7.11000 15.6530847549 2.6294306860   14.609  4.834  3.6888  0.475    3  0.000  0.400   137.49    71.72    48.43    34.94    29.07  3 -1.11e-06      0.00 6.628e-01 3.219e-01 1.652e-03 3.030e-03 5.509e-03 -1.000 1.529e-02 -7.316 -3.961 -6.447 -7.358 -7.602 -7.725
0.0152 0.01508 7.11000 15.6544599533 2.6294312007   14.608  4.833  3.6813  0.447    3  0.000  0.400   147.21    75.47    50.85    36.71    30.55  3 -1.08e-06      0.00 6.628e-01 3.219e-01 1.652e-03 3.031e-03 5.509e-03 -1.000 1.529e-02 -7.312 -3.785 -6.374 -7.333 -7.588 -7.722
0.0152 0.01508 7.11000 15.6557903290 2.6294316985   14.608  4.835  3.6733  0.413    3  0.000  0.400   159.91    80.28    53.93    38.98    32.44  3 -1.06e-06      0.00 6.628e-01 3.219e-01 1.652e-03 3.031e-03 5.508e-03 -1.000 1.529e-02 -7.317 -3.590 -6.299 -7.316 -7.583 -7.728
0.0152 0.01508 7.11000 15.6570720673 2.6294321781   14.607  4.835  3.6650  0.379    3  0.000  0.400   173.52    85.33    57.17    41.35    34.42  3 -1.05e-06      0.00 6.628e-01 3.220e-01 1.652e-03 3.031e-03 5.508e-03 -1.000 1.529e-02 -7.318 -3.359 -6.210 -7.289 -7.571 -7.727
0.0152 0.01508 7.11000 15.6583108902 2.6294326415   14.606  4.835  3.6557  0.343    3  0.000  0.400   189.58    91.15    60.89    44.09    36.70  3 -1.03e-06      0.00 6.628e-01 3.220e-01 1.651e-03 3.031e-03 5.508e-03 -1.000 1.529e-02 -7.317 -3.088 -6.103 -7.246 -7.549 -7.721
0.0152 0.01508 7.11000 15.6595067978 2.6294330888   14.606  4.834  3.6454  0.302    3  0.000  0.400   209.05    98.05    65.28    47.32    39.40  3    -1e-06      0.00 6.627e-01 3.220e-01 1.651e-03 3.031e-03 5.508e-03 -1.000 1.529e-02 -7.314 -2.760 -5.978 -7.185 -7.515 -7.710
0.0152 0.01508 7.11000 15.6600837708 2.6294333045   14.605  4.833  3.6399  0.281    3  0.000  0.400   220.10   101.90    67.73    49.12    40.90  3 -9.76e-07      0.00 6.627e-01 3.220e-01 1.651e-03 3.031e-03 5.508e-03 -1.000 1.529e-02 -7.313 -2.585 -5.909 -7.150 -7.496 -7.703
0.0152 0.01508 7.11000 15.6607675552 2.6294335602   14.605  4.832  3.6327  0.254    3  0.000  0.400   235.15   107.05    71.00    51.53    42.91  3 -9.47e-07      0.00 6.627e-01 3.220e-01 1.651e-03 3.031e-03 5.508e-03 -1.000 1.529e-02 -7.309 -2.349 -5.814 -7.099 -7.468 -7.692
0.0152 0.01508 7.11000 15.6614475250 2.6294338145   14.605  4.830  3.6250  0.224    3  0.000  0.400   252.37   112.85    74.66    54.23    45.17  3  -9.2e-07      0.00 6.627e-01 3.220e-01 1.651e-03 3.031e-03 5.508e-03 -1.000 1.529e-02 -7.305 -2.092 -5.705 -7.039 -7.435 -7.678
0.0152 0.01508 7.11000 15.6620435715 2.6294340373   14.605  4.828  3.6175  0.196    3  0.000  0.400   270.30   118.78    78.41    56.99    47.48  3 -9.01e-07      0.00 6.627e-01 3.220e-01 1.651e-03 3.031e-03 5.508e-03 -1.000 1.529e-02 -7.301 -1.843 -5.593 -6.975 -7.400 -7.662
0.0152 0.01508 7.11000 15.6627902985 2.6294343164   14.605  4.824  3.6074  0.160    3  0.000  0.400   289.22   126.88    83.50    60.76    50.62  3 -8.66e-07      0.00 6.627e-01 3.220e-01 1.651e-03 3.032e-03 5.508e-03 -1.000 1.529e-02 -7.291 -1.528 -5.432 -6.876 -7.347 -7.637
0.0152 0.01508 7.11000 15.6632308960 2.6294344811   14.605  4.821  3.6015  0.139    3  0.000  0.400   298.45   131.65    86.50    62.97    52.47  3 -8.45e-07      0.00 6.627e-01 3.220e-01 1.651e-03 3.032e-03 5.508e-03 -1.000 1.529e-02 -7.284 -1.352 -5.333 -6.811 -7.312 -7.620
0.0152 0.01508 7.11000 15.6637239456 2.6294346654   14.605  4.817  3.5957  0.120    3  0.000  0.400   307.19   136.19    89.35    65.07    54.23  3 -8.16e-07      0.00 6.627e-01 3.220e-01 1.651e-03 3.032e-03 5.508e-03 -1.000 1.529e-02 -7.272 -1.187 -5.224 -6.734 -7.270 -7.599
0.0152 0.01508 7.11000 15.6644649506 2.6294349423   14.604  4.808  3.5893  0.103    3  0.000  0.400   315.38   140.47    92.02    67.06    55.88  3 -7.63e-07      0.00 6.627e-01 3.220e-01 1.651e-03 3.032e-03 5.508e-03 -1.000 1.529e-02 -7.251 -1.009 -5.095 -6.637 -7.215 -7.567
0.0152 0.01508 7.11000 15.6655006409 2.6294353293   14.604  4.795  3.5836  0.094    3  0.000  0.400   319.95   142.86    93.52    68.16    56.81  3 -7.04e-07      0.00 6.627e-01 3.220e-01 1.651e-03 3.032e-03 5.508e-03 -1.000 1.529e-02 -7.218 -0.859 -4.958 -6.521 -7.146 -7.524
0.0152 0.01508 7.11000 15.6669492722 2.6294358705   14.604  4.777  3.5785  0.092    3  0.000  0.400   321.03   143.43    93.88    68.42    57.03  3 -6.38e-07      0.00 6.627e-01 3.220e-01 1.651e-03 3.032e-03 5.507e-03 -1.000 1.529e-02 -7.172 -0.717 -4.816 -6.393 -7.067 -7.469
0.0152 0.01508 7.11000 15.6684713364 2.6294364391   14.604  4.774  3.5728  0.072    3  0.000  0.400   330.97   148.66    97.14    70.85    59.05  4  -5.9e-07      0.00 6.627e-01 3.220e-01 1.651e-03 3.032e-03 5.507e-03 -1.000 1.529e-02 -7.164 -0.602 -4.688 -6.273 -7.018 -7.452
0.0152 0.01508 7.11000 15.6695566177 2.6294368444   14.605  4.790  3.5694  0.042    3  0.000  0.400   346.60   156.94   102.30    74.67    62.25  3  -6.2e-07      0.00 6.627e-01 3.220e-01 1.651e-03 3.032e-03 5.507e-03 -1.000 1.529e-02 -7.205 -0.564 -4.650 -6.242 -7.032 -7.486
0.0152 0.01508 7.11000 15.6715021133 2.6294375707   14.605  4.809  3.5665  0.012    3  0.000  0.400   363.19   165.80   107.82    78.75    65.66  3  -6.9e-07      0.00 6.627e-01 3.220e-01 1.651e-03 3.033e-03 5.507e-03 -1.000 1.529e-02 -7.252 -0.544 -4.620 -6.213 -7.053 -7.528
0.0152 0.01508 7.11000 15.6766309738 2.6294394847   14.604  4.823  3.5645 -0.011    3  0.000  0.400   375.80   172.59   112.03    81.88    68.27  0 -7.59e-07      0.00 6.626e-01 3.221e-01 1.650e-03 3.033e-03 5.507e-03 -1.000 1.529e-02 -7.287 -0.533 -4.601 -6.195 -7.070 -7.559
0.0152 0.01508 7.11000 15.6913251877 2.6294449602   14.602  4.859  3.5592 -0.068    3  0.000  0.398   410.32   191.36   123.64    90.50    75.48  0  -8.9e-07      0.00 6.626e-01 3.222e-01 1.644e-03 3.039e-03 5.505e-03 -1.000 1.529e-02 -7.377 -0.502 -4.542 -6.135 -7.110 -7.638
0.0152 0.01508 7.11000 15.6930017471 2.6294455842   14.602  4.869  3.5578 -0.084    3  0.000  0.397   420.40   196.90   127.05    93.04    77.60  0 -9.32e-07      0.00 6.626e-01 3.222e-01 1.641e-03 3.042e-03 5.505e-03 -1.000 1.529e-02 -7.402 -0.496 -4.521 -6.111 -7.119 -7.660
0.0152 0.01508 7.11000 15.6970653534 2.6294470960   14.600  4.916  3.5516 -0.155    3  0.000  0.389   469.57   224.22   143.84   105.54    88.05  0 -1.16e-06      0.00 6.625e-01 3.222e-01 1.608e-03 3.079e-03 5.504e-03 -1.000 1.528e-02 -7.520 -0.474 -4.436 -6.013 -7.166 -7.761
0.0152 0.01508 7.11000 15.6985187531 2.6294476365   14.600  4.934  3.5493 -0.183    3  0.000  0.386   489.85   235.65   150.83   110.75    92.41  0 -1.26e-06      0.00 6.625e-01 3.222e-01 1.594e-03 3.097e-03 5.504e-03 -1.000 1.528e-02 -7.566 -0.469 -4.402 -5.972 -7.183 -7.799
0.0152 0.01508 7.11000 15.7000856400 2.6294482191   14.598  4.957  3.5465 -0.217    3  0.000  0.382   515.92   250.45   159.86   117.49    98.05  0 -1.41e-06      0.00 6.625e-01 3.222e-01 1.577e-03 3.118e-03 5.502e-03 -1.000 1.529e-02 -7.623 -0.465 -4.348 -5.908 -7.198 -7.843
0.0152 0.01508 7.11000 15.7021532059 2.6294489876   14.596  4.992  3.5423 -0.268    3  0.000  0.378   558.29   274.79   174.67   128.54   107.30  0 -1.65e-06      0.00 6.624e-01 3.223e-01 1.558e-03 3.147e-03 5.496e-03 -1.000 1.531e-02 -7.709 -0.459 -4.267 -5.811 -7.222 -7.911
0.0152 0.01508 7.11000 15.7047262192 2.6294499436   14.593  5.038  3.5369 -0.336    3  0.000  0.376   620.34   311.02   196.60   144.95   121.03  0 -2.09e-06      0.00 6.623e-01 3.224e-01 1.547e-03 3.172e-03 5.482e-03 -1.000 1.531e-02 -7.825 -0.454 -4.137 -5.661 -7.243 -7.995
0.0152 0.01508 7.11000 15.7080650330 2.6294511837   14.588  5.084  3.5314 -0.404    3  0.000  0.376   688.66   351.65   221.05   163.28   136.38  0 -2.61e-06      0.00 6.619e-01 3.227e-01 1.541e-03 3.196e-03 5.465e-03 -1.000 1.534e-02 -7.940 -0.449 -3.984 -5.489 -7.252 -8.070
0.0152 0.01508 7.11000 15.7111310959 2.6294523219   14.589  5.118  3.5274 -0.455    3  0.000  0.376   743.96   385.06   241.07   178.30   148.96  0 -3.05e-06      0.00 6.616e-01 3.231e-01 1.536e-03 3.214e-03 5.450e-03 -1.000 1.533e-02 -8.025 -0.444 -3.838 -5.341 -7.239 -8.112
#isochrone terminated
