# File generated by CMD 3.8 (http://stev.oapd.inaf.it/cmd) on Tue Nov  4 12:59:30 UTC 2025
# isochrones based on PARSEC release v1.2S +  COLIBRI S_37 + S_35 + PR16
# Basic references: Bressan et al. (2012), MNRAS, 427, 127 + Chen et al. (2014, 2015), MNRAS, 444, 2525 + MNRAS, 452, 1068 + Tang et al. (2014), MNRAS, 445, 4287 + Marigo et al. (2017), ApJ, 835, 77 + Pastorelli al. (2019), MNRAS, 485, 5666 + Pastorelli al. (2020), MNRAS, in press
# Thermal pulse cycles included 
# On RGB, assumed Reimers mass loss with efficiency eta=0.2
# LPV periods and growth rates added cf. Trabucchi et al. (2019)
# but fundamental-mode LPV periods + transition are from Trabucchi et al. (2021)
# Photometric system: SDSS <i>ugriz</i>
# Using YBC version of bolometric corrections as in Chen et al. (2019)
# O-rich circumstellar dpmod60alox40 dust from Groenewegen (2006)
# C-rich circumstellar AMCSIC15 dust from Groenewegen (2006)
# IMF: Kroupa (2001, 2002) + Kroupa et al. (2013) canonical two-part-power law IMF corrected for unresolved binaries 
# Kind of output: isochrone tables
Zini     MH   logAge Mini        int_IMF         Mass   logL    logTe  logg  label   McoreTP C_O  period0  period1  period2  period3  period4  pmode  Mloss  tau1m   X   Y   Xc  Xn  Xo  Cexcess  Z mbolmag  umag    gmag    rmag    imag    zmag
0.011307 -0.12000 6.95000 0.0900000036 1.0816895926    0.090 -2.002  3.4095  3.984    0  0.000  0.545     0.00     0.00     0.00     0.00     0.00 -1  -4.3e-15      0.00 7.193e-01 2.692e-01 2.060e-03 5.560e-04 5.042e-03 -1.000 1.146e-02 9.775 18.029 14.882 13.485 11.164 9.790
0.011307 -0.12000 6.95000 0.0936483070 1.1157454713    0.094 -1.980  3.4119  3.989    0  0.000  0.545     0.00     0.00     0.00     0.00     0.00 -1 -4.41e-15      0.00 7.193e-01 2.692e-01 2.060e-03 5.560e-04 5.042e-03 -1.000 1.146e-02 9.719 17.978 14.827 13.430 11.108 9.734
0.011307 -0.12000 6.95000 0.1000000089 1.1711064744    0.100 -1.941  3.4159  3.994    0  0.000  0.545     0.00     0.00     0.00     0.00     0.00 -1 -4.64e-15      0.00 7.193e-01 2.692e-01 2.060e-03 5.560e-04 5.042e-03 -1.000 1.146e-02 9.622 17.869 14.717 13.320 11.003 9.633
0.011307 -0.12000 6.95000 0.1200000048 1.3193154741    0.120 -1.835  3.4272  4.013    0  0.000  0.545     0.00     0.00     0.00     0.00     0.00 -1 -5.29e-15      0.00 7.193e-01 2.692e-01 2.060e-03 5.560e-04 5.042e-03 -1.000 1.146e-02 9.357 17.267 14.181 12.776 10.579 9.307
0.011307 -0.12000 6.95000 0.1340532154 1.4054615159    0.134 -1.763  3.4354  4.022    0  0.000  0.545     0.00     0.00     0.00     0.00     0.00 -1 -5.82e-15      0.00 7.193e-01 2.692e-01 2.060e-03 5.560e-04 5.042e-03 -1.000 1.146e-02 9.178 16.795 13.774 12.379 10.275 9.077
0.011307 -0.12000 6.95000 0.1411844492 1.4448064215    0.141 -1.732  3.4391  4.028    0  0.000  0.545     0.00     0.00     0.00     0.00     0.00 -1 -6.03e-15      0.00 7.193e-01 2.692e-01 2.060e-03 5.560e-04 5.042e-03 -1.000 1.146e-02 9.100 16.593 13.598 12.211 10.144 8.977
0.011307 -0.12000 6.95000 0.1454098076 1.4669201308    0.145 -1.714  3.4412  4.031    0  0.000  0.545     0.00     0.00     0.00     0.00     0.00 -1 -6.19e-15      0.00 7.193e-01 2.692e-01 2.060e-03 5.560e-04 5.042e-03 -1.000 1.146e-02 9.055 16.475 13.495 12.113 10.069 8.919
0.011307 -0.12000 6.95000 0.1476056874 1.4780852068    0.148 -1.703  3.4424  4.032    0  0.000  0.545     0.00     0.00     0.00     0.00     0.00 -1 -6.31e-15      0.00 7.193e-01 2.692e-01 2.060e-03 5.560e-04 5.042e-03 -1.000 1.146e-02 9.029 16.410 13.438 12.059 10.027 8.887
0.011307 -0.12000 6.95000 0.1590683460 1.5330527760    0.159 -1.656  3.4478  4.039    0  0.000  0.545     0.00     0.00     0.00     0.00     0.00 -1 -6.73e-15      0.00 7.193e-01 2.692e-01 2.060e-03 5.560e-04 5.042e-03 -1.000 1.146e-02 8.910 16.111 13.178 11.809 9.835 8.738
0.011307 -0.12000 6.95000 0.1729572862 1.5931319215    0.173 -1.603  3.4537  4.045    0  0.000  0.545     0.00     0.00     0.00     0.00     0.00 -1 -7.25e-15      0.00 7.193e-01 2.692e-01 2.060e-03 5.560e-04 5.042e-03 -1.000 1.146e-02 8.777 15.794 12.895 11.530 9.625 8.574
0.011307 -0.12000 6.95000 0.1874750108 1.6495707315    0.187 -1.550  3.4596  4.051    0  0.000  0.545     0.00     0.00     0.00     0.00     0.00 -1  -7.8e-15      0.00 7.193e-01 2.692e-01 2.060e-03 5.560e-04 5.042e-03 -1.000 1.146e-02 8.645 15.480 12.613 11.250 9.419 8.413
0.011307 -0.12000 6.95000 0.2031135112 1.7043360616    0.203 -1.501  3.4649  4.058    0  0.000  0.545     0.00     0.00     0.00     0.00     0.00 -1 -8.32e-15      0.00 7.193e-01 2.692e-01 2.060e-03 5.560e-04 5.042e-03 -1.000 1.146e-02 8.523 15.219 12.374 11.016 9.241 8.269
0.011307 -0.12000 6.95000 0.2211193740 1.7609752771    0.221 -1.447  3.4710  4.065    0  0.000  0.545     0.00     0.00     0.00     0.00     0.00 -1 -8.97e-15      0.00 7.193e-01 2.692e-01 2.060e-03 5.560e-04 5.042e-03 -1.000 1.146e-02 8.387 14.926 12.107 10.755 9.043 8.109
0.011307 -0.12000 6.95000 0.2407778502 1.8163398517    0.241 -1.392  3.4773  4.073    0  0.000  0.545     0.00     0.00     0.00     0.00     0.00 -1 -9.66e-15      0.00 7.193e-01 2.692e-01 2.060e-03 5.560e-04 5.042e-03 -1.000 1.146e-02 8.250 14.642 11.843 10.496 8.848 7.951
0.011307 -0.12000 6.95000 0.2566826344 1.8569993179    0.257 -1.353  3.4817  4.079    0  0.000  0.545     0.00     0.00     0.00     0.00     0.00 -1 -1.02e-14      0.00 7.193e-01 2.692e-01 2.060e-03 5.560e-04 5.042e-03 -1.000 1.146e-02 8.152 14.445 11.656 10.308 8.709 7.839
0.011307 -0.12000 6.95000 0.2829478681 1.9174453545    0.283 -1.291  3.4888  4.087    0  0.000  0.545     0.00     0.00     0.00     0.00     0.00 -1 -1.11e-14      0.00 7.193e-01 2.692e-01 2.060e-03 5.560e-04 5.042e-03 -1.000 1.146e-02 7.996 14.142 11.362 10.005 8.489 7.663
0.011307 -0.12000 6.95000 0.3004194498 1.9537531958    0.300 -1.253  3.4933  4.094    0  0.000  0.545     0.00     0.00     0.00     0.00     0.00 -1 -1.16e-14      0.00 7.193e-01 2.692e-01 2.060e-03 5.560e-04 5.042e-03 -1.000 1.146e-02 7.902 13.960 11.186 9.834 8.360 7.558
0.011307 -0.12000 6.95000 0.3369315565 2.0214634862    0.337 -1.181  3.5015  4.105    0  0.000  0.545     0.00     0.00     0.00     0.00     0.00 -1 -1.28e-14      0.00 7.193e-01 2.692e-01 2.060e-03 5.560e-04 5.042e-03 -1.000 1.146e-02 7.723 13.626 10.865 9.527 8.122 7.360
0.011307 -0.12000 6.95000 0.3500000238 2.0434175133    0.350 -1.157  3.5043  4.109    0  0.000  0.545     0.00     0.00     0.00     0.00     0.00 -1 -1.32e-14      0.00 7.193e-01 2.692e-01 2.060e-03 5.560e-04 5.042e-03 -1.000 1.146e-02 7.664 13.518 10.759 9.426 8.044 7.295
0.011307 -0.12000 6.95000 0.3690717518 2.0736126600    0.369 -1.124  3.5083  4.115    0  0.000  0.545     0.00     0.00     0.00     0.00     0.00 -1 -1.38e-14      0.00 7.193e-01 2.692e-01 2.060e-03 5.560e-04 5.042e-03 -1.000 1.146e-02 7.581 13.366 10.611 9.284 7.934 7.205
0.011307 -0.12000 6.95000 0.4000000358 2.1185024810    0.400 -1.073  3.5146  4.123    0  0.000  0.545     0.00     0.00     0.00     0.00     0.00 -1 -1.48e-14      0.00 7.193e-01 2.692e-01 2.060e-03 5.560e-04 5.042e-03 -1.000 1.146e-02 7.452 13.137 10.383 9.064 7.766 7.065
0.011307 -0.12000 6.95000 0.4500000179 2.1822809362    0.450 -1.000  3.5240  4.138    0  0.000  0.545     0.00     0.00     0.00     0.00     0.00 -1 -1.62e-14      0.00 7.193e-01 2.692e-01 2.060e-03 5.560e-04 5.042e-03 -1.000 1.146e-02 7.269 12.819 10.058 8.745 7.527 6.869
0.011307 -0.12000 6.95000 0.4891302288 2.2260879212    0.489 -0.949  3.5309  4.152    0  0.000  0.545     0.00     0.00     0.00     0.00     0.00 -1 -1.72e-14      0.00 7.193e-01 2.692e-01 2.060e-03 5.560e-04 5.042e-03 -1.000 1.146e-02 7.143 12.599 9.830 8.518 7.361 6.736
0.011307 -0.12000 6.95000 0.5000000000 2.2374541529    0.500 -0.935  3.5328  4.155    0  0.000  0.545     0.00     0.00     0.00     0.00     0.00 -1 -1.75e-14      0.00 7.193e-01 2.692e-01 2.060e-03 5.560e-04 5.042e-03 -1.000 1.146e-02 7.107 12.540 9.768 8.457 7.316 6.698
0.011307 -0.12000 6.95000 0.5048302412 2.2423787082    0.505 -0.929  3.5338  4.157    0  0.000  0.545     0.00     0.00     0.00     0.00     0.00 -1 -1.76e-14      0.00 7.193e-01 2.692e-01 2.060e-03 5.560e-04 5.042e-03 -1.000 1.146e-02 7.093 12.512 9.739 8.428 7.296 6.683
0.011307 -0.12000 6.95000 0.5285605788 2.2650765112    0.528 -0.900  3.5382  4.165    0  0.000  0.545     0.00     0.00     0.00     0.00     0.00 -1 -1.82e-14      0.00 7.193e-01 2.692e-01 2.060e-03 5.560e-04 5.042e-03 -1.000 1.146e-02 7.020 12.383 9.603 8.294 7.199 6.606
0.011307 -0.12000 6.95000 0.5500000119 2.2836582633    0.550 -0.876  3.5413  4.171    0  0.000  0.545     0.00     0.00     0.00     0.00     0.00 -1 -1.87e-14      0.00 7.193e-01 2.692e-01 2.060e-03 5.560e-04 5.042e-03 -1.000 1.146e-02 6.959 12.283 9.499 8.190 7.122 6.543
0.011307 -0.12000 6.95000 0.5711415410 2.3004197083    0.571 -0.849  3.5458  4.179    0  0.000  0.545     0.00     0.00     0.00     0.00     0.00 -1 -1.94e-14      0.00 7.193e-01 2.692e-01 2.060e-03 5.560e-04 5.042e-03 -1.000 1.146e-02 6.893 12.165 9.372 8.063 7.034 6.475
0.011307 -0.12000 6.95000 0.6000000238 2.3211213258    0.600 -0.817  3.5505  4.187    0  0.000  0.545     0.00     0.00     0.00     0.00     0.00 -1 -2.01e-14      0.00 7.193e-01 2.692e-01 2.060e-03 5.560e-04 5.042e-03 -1.000 1.146e-02 6.814 12.032 9.230 7.921 6.932 6.393
0.011307 -0.12000 6.95000 0.6012792587 2.3219862309    0.601 -0.816  3.5508  4.188    0  0.000  0.545     0.00     0.00     0.00     0.00     0.00 -1 -2.02e-14      0.00 7.193e-01 2.692e-01 2.060e-03 5.560e-04 5.042e-03 -1.000 1.146e-02 6.810 12.025 9.222 7.913 6.927 6.389
0.011307 -0.12000 6.95000 0.6340007186 2.3427524091    0.634 -0.776  3.5579  4.200    0  0.000  0.545     0.00     0.00     0.00     0.00     0.00 -1 -2.12e-14      0.00 7.193e-01 2.692e-01 2.060e-03 5.560e-04 5.042e-03 -1.000 1.146e-02 6.710 11.849 9.030 7.719 6.794 6.288
0.011307 -0.12000 6.95000 0.6499999762 2.3520353107    0.650 -0.757  3.5609  4.204    0  0.000  0.545     0.00     0.00     0.00     0.00     0.00 -1 -2.18e-14      0.00 7.193e-01 2.692e-01 2.060e-03 5.560e-04 5.042e-03 -1.000 1.146e-02 6.663 11.771 8.945 7.633 6.733 6.241
0.011307 -0.12000 6.95000 0.6665254235 2.3610874503    0.667 -0.736  3.5648  4.209    0  0.000  0.545     0.00     0.00     0.00     0.00     0.00 -1 -2.25e-14      0.00 7.193e-01 2.692e-01 2.060e-03 5.560e-04 5.042e-03 -1.000 1.146e-02 6.610 11.678 8.843 7.530 6.664 6.189
0.011307 -0.12000 6.95000 0.6999881864 2.3779210862    0.700 -0.692  3.5725  4.217    0  0.000  0.545     0.00     0.00     0.00     0.00     0.00 -1  -2.4e-14      0.00 7.193e-01 2.692e-01 2.060e-03 5.560e-04 5.042e-03 -1.000 1.146e-02 6.501 11.492 8.639 7.327 6.523 6.081
0.011307 -0.12000 6.95000 0.7000000477 2.3779267258    0.700 -0.692  3.5725  4.217    0  0.000  0.545     0.00     0.00     0.00     0.00     0.00 -1  -2.4e-14      0.00 7.193e-01 2.692e-01 2.060e-03 5.560e-04 5.042e-03 -1.000 1.146e-02 6.501 11.492 8.639 7.327 6.523 6.081
0.011307 -0.12000 6.95000 0.7429035306 2.3969783226    0.743 -0.563  3.6170  4.291    0  0.000  0.539     0.00     0.00     0.00     0.00     0.00 -1 -2.89e-14      0.00 7.193e-01 2.692e-01 2.037e-03 5.553e-04 5.043e-03 -1.000 1.146e-02 6.176 10.654 7.789 6.564 6.051 5.773
0.011307 -0.12000 6.95000 0.7500000000 2.3998889087    0.750 -0.540  3.6243  4.302    0  0.000  0.537     0.00     0.00     0.00     0.00     0.00 -1 -2.99e-14      0.00 7.193e-01 2.692e-01 2.033e-03 5.552e-04 5.043e-03 -1.000 1.146e-02 6.119 10.491 7.646 6.448 5.975 5.719
0.011307 -0.12000 6.95000 0.7683572769 2.4071320530    0.768 -0.522  3.6264  4.304    0  0.000  0.537     0.00     0.00     0.00     0.00     0.00 -1 -3.07e-14      0.00 7.193e-01 2.692e-01 2.033e-03 5.552e-04 5.043e-03 -1.000 1.146e-02 6.076 10.416 7.578 6.389 5.927 5.678
0.011307 -0.12000 6.95000 0.7986197472 2.4182407722    0.798 -0.490  3.6299  4.302    0  0.000  0.537     0.00     0.00     0.00     0.00     0.00 -1 -3.25e-14      0.00 7.193e-01 2.692e-01 2.033e-03 5.552e-04 5.043e-03 -1.000 1.146e-02 5.996 10.282 7.456 6.282 5.838 5.599
0.011307 -0.12000 6.95000 0.8236243725 2.4267146524    0.823 -0.465  3.6332  4.303    0  0.000  0.537     0.00     0.00     0.00     0.00     0.00 -1 -3.39e-14      0.00 7.193e-01 2.692e-01 2.033e-03 5.552e-04 5.043e-03 -1.000 1.146e-02 5.932 10.154 7.352 6.193 5.767 5.538
0.011307 -0.12000 6.95000 0.8472393751 2.4341917333    0.847 -0.440  3.6363  4.303    0  0.000  0.537     0.00     0.00     0.00     0.00     0.00 -1 -3.54e-14      0.00 7.193e-01 2.692e-01 2.033e-03 5.552e-04 5.043e-03 -1.000 1.146e-02 5.870 10.031 7.251 6.108 5.698 5.477
0.011307 -0.12000 6.95000 0.8958590031 2.4481682055    0.895 -0.380  3.6440  4.298    0  0.000  0.537     0.00     0.00     0.00     0.00     0.00 -1 -3.98e-14      0.00 7.193e-01 2.692e-01 2.033e-03 5.552e-04 5.043e-03 -1.000 1.146e-02 5.720 9.715 7.006 5.904 5.532 5.331
0.011307 -0.12000 6.95000 0.9255210161 2.4558705645    0.925 -0.348  3.6487  4.298    0  0.000  0.537     0.00     0.00     0.00     0.00     0.00 -1 -4.21e-14      0.00 7.193e-01 2.692e-01 2.033e-03 5.552e-04 5.043e-03 -1.000 1.146e-02 5.639 9.525 6.868 5.793 5.441 5.252
0.011307 -0.12000 6.95000 0.9444786310 2.4605029359    0.944 -0.326  3.6518  4.298    0  0.000  0.537     0.00     0.00     0.00     0.00     0.00 -1 -4.38e-14      0.00 7.193e-01 2.692e-01 2.033e-03 5.552e-04 5.043e-03 -1.000 1.146e-02 5.586 9.395 6.777 5.721 5.381 5.200
0.011307 -0.12000 6.95000 0.9449983239 2.4606269182    0.944 -0.326  3.6519  4.298    0  0.000  0.537     0.00     0.00     0.00     0.00     0.00 -1 -4.38e-14      0.00 7.193e-01 2.692e-01 2.033e-03 5.552e-04 5.043e-03 -1.000 1.146e-02 5.584 9.391 6.775 5.719 5.380 5.198
0.011307 -0.12000 6.95000 0.9930983186 2.4714591701    0.993 -0.265  3.6609  4.295    0  0.000  0.537     0.00     0.00     0.00     0.00     0.00 -1 -4.93e-14      0.00 7.193e-01 2.692e-01 2.033e-03 5.552e-04 5.043e-03 -1.000 1.146e-02 5.432 9.009 6.516 5.518 5.211 5.048
0.011307 -0.12000 6.95000 1.0417180061 2.4812476811    1.041 -0.200  3.6709  4.291    0  0.000  0.537     0.00     0.00     0.00     0.00     0.00 -1 -5.26e-14      0.00 7.193e-01 2.692e-01 2.033e-03 5.552e-04 5.043e-03 -1.000 1.146e-02 5.270 8.604 6.244 5.312 5.034 4.889
0.011307 -0.12000 6.95000 1.0593731403 2.4845474634    1.059 -0.178  3.6745  4.291    0  0.000  0.537     0.00     0.00     0.00     0.00     0.00 -1 -5.33e-14      0.00 7.193e-01 2.692e-01 2.033e-03 5.552e-04 5.043e-03 -1.000 1.146e-02 5.214 8.462 6.152 5.243 4.973 4.835
0.011307 -0.12000 6.95000 1.0903376341 2.4900391105    1.090 -0.131  3.6818  4.285    0  0.000  0.537     0.00     0.00     0.00     0.00     0.00 -1 -5.59e-14      0.00 7.193e-01 2.692e-01 2.033e-03 5.552e-04 5.043e-03 -1.000 1.146e-02 5.098 8.176 5.963 5.100 4.848 4.722
0.011307 -0.12000 6.95000 1.0904542208 2.4900591107    1.090 -0.131  3.6818  4.285    0  0.000  0.537     0.00     0.00     0.00     0.00     0.00 -1 -5.59e-14      0.00 7.193e-01 2.692e-01 2.033e-03 5.552e-04 5.043e-03 -1.000 1.146e-02 5.097 8.175 5.962 5.100 4.848 4.721
0.011307 -0.12000 6.95000 1.1389572620 2.4979730051    1.138 -0.055  3.6936  4.275    0  0.000  0.537     0.00     0.00     0.00     0.00     0.00 -1 -6.06e-14      0.00 7.193e-01 2.692e-01 2.033e-03 5.552e-04 5.043e-03 -1.000 1.146e-02 4.907 7.737 5.668 4.875 4.648 4.540
0.011307 -0.12000 6.95000 1.1788076162 2.5039177574    1.178  0.008  3.7032  4.266    0  0.000  0.537     0.00     0.00     0.00     0.00     0.00 -1 -6.44e-14      0.00 7.193e-01 2.692e-01 2.033e-03 5.552e-04 5.043e-03 -1.000 1.146e-02 4.751 7.382 5.433 4.694 4.487 4.393
0.011307 -0.12000 6.95000 1.1875770092 2.5051645079    1.187  0.022  3.7055  4.264    0  0.000  0.537     0.00     0.00     0.00     0.00     0.00 -1 -6.55e-14      0.00 7.193e-01 2.692e-01 2.033e-03 5.552e-04 5.043e-03 -1.000 1.146e-02 4.714 7.302 5.380 4.653 4.450 4.359
0.011307 -0.12000 6.95000 1.2107659578 2.5083614530    1.210  0.060  3.7111  4.257    0  0.000  0.537     0.00     0.00     0.00     0.00     0.00 -1 -6.78e-14      0.00 7.193e-01 2.692e-01 2.033e-03 5.552e-04 5.043e-03 -1.000 1.146e-02 4.620 7.099 5.245 4.547 4.354 4.271
0.011307 -0.12000 6.95000 1.2361966372 2.5117093582    1.236  0.104  3.7176  4.248    0  0.000  0.537     0.00     0.00     0.00     0.00     0.00 -1 -7.13e-14      0.00 7.193e-01 2.692e-01 2.033e-03 5.552e-04 5.043e-03 -1.000 1.146e-02 4.510 6.868 5.091 4.425 4.243 4.170
0.011307 -0.12000 6.95000 1.2756834030 2.5166047630    1.275  0.177  3.7280  4.230    0  0.000  0.537     0.00     0.00     0.00     0.00     0.00 -1 -7.73e-14      0.00 7.193e-01 2.692e-01 2.033e-03 5.552e-04 5.043e-03 -1.000 1.146e-02 4.327 6.506 4.846 4.227 4.062 4.002
0.011307 -0.12000 6.95000 1.2848162651 2.5176878560    1.285  0.195  3.7304  4.226    0  0.000  0.537     0.00     0.00     0.00     0.00     0.00 -1  -7.9e-14      0.00 7.193e-01 2.692e-01 2.033e-03 5.552e-04 5.043e-03 -1.000 1.146e-02 4.284 6.421 4.788 4.180 4.020 3.962
0.011307 -0.12000 6.95000 1.2852808237 2.5177424765    1.285  0.195  3.7305  4.226    0  0.000  0.537     0.00     0.00     0.00     0.00     0.00 -1  -7.9e-14      0.00 7.193e-01 2.692e-01 2.033e-03 5.552e-04 5.043e-03 -1.000 1.146e-02 4.281 6.417 4.785 4.178 4.017 3.960
0.011307 -0.12000 6.95000 1.3217566013 2.5218936618    1.322  0.271  3.7405  4.202    0  0.000  0.537     0.00     0.00     0.00     0.00     0.00 -1 -8.66e-14      0.00 7.193e-01 2.692e-01 2.033e-03 5.552e-04 5.043e-03 -1.000 1.146e-02 4.093 6.069 4.541 3.978 3.834 3.790
0.011307 -0.12000 6.95000 1.3334360123 2.5231677792    1.333  0.297  3.7438  4.193    0  0.000  0.537     0.00     0.00     0.00     0.00     0.00 -1 -8.99e-14      0.00 7.193e-01 2.692e-01 2.033e-03 5.552e-04 5.043e-03 -1.000 1.146e-02 4.027 5.949 4.459 3.911 3.772 3.732
0.011307 -0.12000 6.95000 1.3579840660 2.5257637755    1.358  0.354  3.7506  4.172    0  0.000  0.537     0.00     0.00     0.00     0.00     0.00 -1 -9.65e-14      0.00 7.193e-01 2.692e-01 2.033e-03 5.552e-04 5.043e-03 -1.000 1.146e-02 3.886 5.699 4.284 3.766 3.638 3.606
0.011307 -0.12000 6.95000 1.3820555210 2.5282066589    1.382  0.414  3.7577  4.147    0  0.000  0.537     0.00     0.00     0.00     0.00     0.00 -1 -1.06e-13      0.00 7.193e-01 2.692e-01 2.033e-03 5.552e-04 5.043e-03 -1.000 1.146e-02 3.734 5.445 4.099 3.612 3.495 3.472
0.011307 -0.12000 6.95000 1.3900136948 2.5289929209    1.390  0.435  3.7600  4.138    0  0.000  0.537     0.00     0.00     0.00     0.00     0.00 -1 -1.08e-13      0.00 7.193e-01 2.692e-01 2.033e-03 5.552e-04 5.043e-03 -1.000 1.146e-02 3.683 5.360 4.036 3.560 3.446 3.426
0.011307 -0.12000 6.95000 1.4143710136 2.5313363035    1.414  0.503  3.7674  4.107    0  0.000  0.537     0.00     0.00     0.00     0.00     0.00 -1  -1.2e-13      0.00 7.193e-01 2.692e-01 2.033e-03 5.552e-04 5.043e-03 -1.000 1.146e-02 3.512 5.097 3.833 3.390 3.288 3.276
0.011307 -0.12000 6.95000 1.4306753874 2.5328537569    1.431  0.552  3.7726  4.084    0  0.000  0.537     0.00     0.00     0.00     0.00     0.00 -1 -1.29e-13      0.00 7.193e-01 2.692e-01 2.033e-03 5.552e-04 5.043e-03 -1.000 1.146e-02 3.390 4.915 3.690 3.269 3.175 3.170
0.011307 -0.12000 6.95000 1.4307663441 2.5328621108    1.431  0.552  3.7726  4.084    0  0.000  0.537     0.00     0.00     0.00     0.00     0.00 -1 -1.29e-13      0.00 7.193e-01 2.692e-01 2.033e-03 5.552e-04 5.043e-03 -1.000 1.146e-02 3.390 4.914 3.689 3.268 3.175 3.169
0.011307 -0.12000 6.95000 1.4504466057 2.5346413400    1.450  0.613  3.7791  4.055    0  0.000  0.537     0.00     0.00     0.00     0.00     0.00 -1 -1.41e-13      0.00 7.193e-01 2.692e-01 2.033e-03 5.552e-04 5.043e-03 -1.000 1.146e-02 3.237 4.690 3.509 3.117 3.034 3.036
0.011307 -0.12000 6.95000 1.4697947502 2.5363372353    1.470  0.674  3.7858  4.027    0  0.000  0.537     0.00     0.00     0.00     0.00     0.00 -1 -1.54e-13      0.00 7.193e-01 2.692e-01 2.033e-03 5.552e-04 5.043e-03 -1.000 1.146e-02 3.085 4.478 3.333 2.968 2.896 2.906
0.011307 -0.12000 6.95000 1.4792948961 2.5371512877    1.479  0.703  3.7892  4.014    0  0.000  0.537     0.00     0.00     0.00     0.00     0.00 -1  -1.6e-13      0.00 7.193e-01 2.692e-01 2.033e-03 5.552e-04 5.043e-03 -1.000 1.146e-02 3.012 4.375 3.247 2.896 2.829 2.843
0.011307 -0.12000 6.95000 1.4930708408 2.5383105902    1.493  0.746  3.7943  3.996    0  0.000  0.537     0.00     0.00     0.00     0.00     0.00 -1 -1.67e-13      0.00 7.193e-01 2.692e-01 2.033e-03 5.552e-04 5.043e-03 -1.000 1.146e-02 2.906 4.231 3.123 2.794 2.735 2.754
0.011307 -0.12000 6.95000 1.5140120983 2.5400264970    1.514  0.808  3.8028  3.973    0  0.000  0.538     0.00     0.00     0.00     0.00     0.00 -1 -1.76e-13      0.00 7.193e-01 2.692e-01 2.033e-03 5.552e-04 5.043e-03 -1.000 1.146e-02 2.750 4.019 2.937 2.643 2.599 2.627
0.011307 -0.12000 6.95000 1.5279145241 2.5411358217    1.528  0.848  3.8090  3.962    0  0.000  0.538     0.00     0.00     0.00     0.00     0.00 -1 -1.81e-13      0.00 7.193e-01 2.692e-01 2.033e-03 5.552e-04 5.043e-03 -1.000 1.146e-02 2.651 3.883 2.816 2.549 2.514 2.549
0.011307 -0.12000 6.95000 1.5371085405 2.5418567820    1.537  0.874  3.8134  3.956    0  0.000  0.538     0.00     0.00     0.00     0.00     0.00 -1 -1.81e-13      0.00 7.193e-01 2.692e-01 2.033e-03 5.552e-04 5.043e-03 -1.000 1.146e-02 2.585 3.797 2.737 2.486 2.459 2.499
0.011307 -0.12000 6.95000 1.5549846888 2.5432305395    1.555  0.922  3.8233  3.953    0  0.000  0.538     0.00     0.00     0.00     0.00     0.00 -1 -1.78e-13      0.00 7.193e-01 2.692e-01 2.033e-03 5.552e-04 5.043e-03 -1.000 1.146e-02 2.464 3.640 2.586 2.372 2.361 2.412
0.011307 -0.12000 6.95000 1.5731326342 2.5445885206    1.573  0.967  3.8356  3.962    0  0.000  0.538     0.00     0.00     0.00     0.00     0.00 -1 -1.72e-13      0.00 7.193e-01 2.692e-01 2.033e-03 5.552e-04 5.043e-03 -1.000 1.146e-02 2.352 3.491 2.440 2.268 2.278 2.342
0.011307 -0.12000 6.95000 1.5765342712 2.5448390615    1.576  0.975  3.8382  3.965    0  0.000  0.538     0.00     0.00     0.00     0.00     0.00 -1  -1.7e-13      0.00 7.193e-01 2.692e-01 2.033e-03 5.552e-04 5.043e-03 -1.000 1.146e-02 2.332 3.465 2.413 2.250 2.264 2.331
0.011307 -0.12000 6.95000 1.5799871683 2.5450921095    1.580  0.983  3.8409  3.969    0  0.000  0.538     0.00     0.00     0.00     0.00     0.00 -1 -1.66e-13      0.00 7.193e-01 2.692e-01 2.033e-03 5.552e-04 5.043e-03 -1.000 1.146e-02 2.312 3.439 2.386 2.233 2.251 2.321
0.011307 -0.12000 6.95000 1.5967351198 2.5463016584    1.596  1.017  3.8559  4.000    0  0.000  0.538     0.00     0.00     0.00     0.00     0.00 -1 -1.43e-13      0.00 7.193e-01 2.692e-01 2.033e-03 5.552e-04 5.043e-03 -1.000 1.146e-02 2.229 3.327 2.267 2.163 2.207 2.292
0.011307 -0.12000 6.95000 1.6136016846 2.5474906373    1.613  1.043  3.8713  4.040    0  0.000  0.538     0.00     0.00     0.00     0.00     0.00 -1  -1.2e-13      0.00 7.193e-01 2.692e-01 2.033e-03 5.552e-04 5.043e-03 -1.000 1.146e-02 2.163 3.242 2.169 2.115 2.186 2.287
0.011307 -0.12000 6.95000 1.6182329655 2.5478121277    1.618  1.049  3.8755  4.052    0  0.000  0.538     0.00     0.00     0.00     0.00     0.00 -1 -1.14e-13      0.00 7.193e-01 2.692e-01 2.033e-03 5.552e-04 5.042e-03 -1.000 1.146e-02 2.147 3.222 2.145 2.105 2.183 2.288
0.011307 -0.12000 6.95000 1.6251540184 2.5482886423    1.625  1.051  3.8799  4.069    0  0.000  0.538     0.00     0.00     0.00     0.00     0.00 -1 -1.04e-13      0.00 7.193e-01 2.692e-01 2.033e-03 5.552e-04 5.042e-03 -1.000 1.146e-02 2.143 3.213 2.133 2.107 2.192 2.301
0.011307 -0.12000 6.95000 1.6392800808 2.5492468771    1.639  1.052  3.8884  4.106    0  0.000  0.538     0.00     0.00     0.00     0.00     0.00 -1 -3.93e-16      0.00 7.193e-01 2.692e-01 2.033e-03 5.552e-04 5.043e-03 -1.000 1.146e-02 2.140 3.202 2.117 2.117 2.217 2.335
0.011307 -0.12000 6.95000 1.6589219570 2.5505481354    1.658  1.037  3.8956  4.155    0  0.000  0.538     0.00     0.00     0.00     0.00     0.00 -1 -1.86e-19      0.00 7.193e-01 2.692e-01 2.033e-03 5.552e-04 5.042e-03 -1.000 1.146e-02 2.178 3.232 2.147 2.168 2.280 2.404
0.011307 -0.12000 6.95000 1.6725221872 2.5514285744    1.672  1.018  3.8976  4.186    0  0.000  0.538     0.00     0.00     0.00     0.00     0.00 -1    -1e-21      0.00 7.193e-01 2.692e-01 2.033e-03 5.552e-04 5.042e-03 -1.000 1.146e-02 2.226 3.276 2.194 2.221 2.334 2.461
0.011307 -0.12000 6.95000 1.6737735271 2.5515087563    1.673  1.015  3.8977  4.189    0  0.000  0.538     0.00     0.00     0.00     0.00     0.00 -1 -6.21e-22      0.00 7.193e-01 2.692e-01 2.033e-03 5.552e-04 5.042e-03 -1.000 1.146e-02 2.231 3.281 2.199 2.226 2.340 2.466
0.011307 -0.12000 6.95000 1.6820303202 2.5520343878    1.681  1.002  3.8978  4.205    0  0.000  0.538     0.00     0.00     0.00     0.00     0.00 -1 -1.85e-23      0.00 7.193e-01 2.692e-01 2.033e-03 5.552e-04 5.042e-03 -1.000 1.146e-02 2.266 3.314 2.235 2.262 2.375 2.502
0.011307 -0.12000 6.95000 1.6957428455 2.5528943416    1.695  0.980  3.8972  4.227    0  0.000  0.538     0.00     0.00     0.00     0.00     0.00 -1 -5.83e-26      0.00 7.193e-01 2.692e-01 2.033e-03 5.552e-04 5.042e-03 -1.000 1.146e-02 2.319 3.366 2.292 2.314 2.426 2.552
0.011307 -0.12000 6.95000 1.7125834227 2.5539288271    1.711  0.966  3.8969  4.245    0  0.000  0.538     0.00     0.00     0.00     0.00     0.00 -1 -5.52e-29      0.00 7.193e-01 2.692e-01 2.033e-03 5.552e-04 5.042e-03 -1.000 1.146e-02 2.355 3.400 2.329 2.350 2.460 2.587
0.011307 -0.12000 6.95000 1.7223932743 2.5545207170    1.721  0.967  3.8979  4.250    0  0.000  0.538     0.00     0.00     0.00     0.00     0.00 -1    -1e-30      0.00 7.193e-01 2.692e-01 2.033e-03 5.552e-04 5.042e-03 -1.000 1.146e-02 2.353 3.397 2.326 2.349 2.461 2.589
0.011307 -0.12000 6.95000 1.7440853119 2.5558023893    1.743  0.974  3.9009  4.260    0  0.000  0.538     0.00     0.00     0.00     0.00     0.00 -1    -1e-30      0.00 7.193e-01 2.692e-01 2.033e-03 5.552e-04 5.042e-03 -1.000 1.146e-02 2.334 3.376 2.303 2.336 2.454 2.584
0.011307 -0.12000 6.95000 1.7696435452 2.5572662227    1.768  1.016  3.9108  4.264    0  0.000  0.538     0.00     0.00     0.00     0.00     0.00 -1    -1e-30      0.00 7.193e-01 2.692e-01 2.033e-03 5.552e-04 5.042e-03 -1.000 1.146e-02 2.230 3.269 2.187 2.253 2.387 2.525
0.011307 -0.12000 6.95000 1.7710127831 2.5573432749    1.770  1.019  3.9114  4.265    0  0.000  0.538     0.00     0.00     0.00     0.00     0.00 -1    -1e-30      0.00 7.193e-01 2.692e-01 2.033e-03 5.552e-04 5.042e-03 -1.000 1.146e-02 2.223 3.262 2.180 2.248 2.383 2.521
0.011307 -0.12000 6.95000 1.8089847565 2.5594267746    1.808  1.094  3.9306  4.276    0  0.000  0.538     0.00     0.00     0.00     0.00     0.00 -1    -1e-30      0.00 7.193e-01 2.692e-01 2.033e-03 5.551e-04 5.042e-03 -1.000 1.146e-02 2.036 3.068 1.980 2.111 2.275 2.427
0.011307 -0.12000 6.95000 1.8196325302 2.5599930890    1.818  1.116  3.9368  4.281    0  0.000  0.538     0.00     0.00     0.00     0.00     0.00 -1    -1e-30      0.00 7.193e-01 2.692e-01 2.033e-03 5.551e-04 5.042e-03 -1.000 1.146e-02 1.981 3.010 1.929 2.076 2.249 2.405
0.011307 -0.12000 6.95000 1.8368090391 2.5608907469    1.836  1.151  3.9472  4.292    0  0.000  0.538     0.00     0.00     0.00     0.00     0.00 -1    -1e-30      0.00 7.193e-01 2.692e-01 2.033e-03 5.551e-04 5.042e-03 -1.000 1.146e-02 1.893 2.916 1.851 2.025 2.210 2.371
0.011307 -0.12000 6.95000 1.8545826674 2.5617995091    1.853  1.185  3.9581  4.305    0  0.000  0.538     0.00     0.00     0.00     0.00     0.00 -1    -1e-30      0.00 7.193e-01 2.692e-01 2.033e-03 5.551e-04 5.042e-03 -1.000 1.146e-02 1.808 2.826 1.784 1.982 2.179 2.346
0.011307 -0.12000 6.95000 1.8682522774 2.5624849225    1.867  1.200  3.9638  4.317    0  0.000  0.538     0.00     0.00     0.00     0.00     0.00 -1    -1e-30      0.00 7.194e-01 2.692e-01 2.033e-03 5.551e-04 5.042e-03 -1.000 1.146e-02 1.771 2.788 1.761 1.969 2.172 2.342
0.011307 -0.12000 6.95000 1.8832688332 2.5632246995    1.882  1.218  3.9708  4.330    0  0.000  0.538     0.00     0.00     0.00     0.00     0.00 -1    -1e-30      0.00 7.194e-01 2.692e-01 2.033e-03 5.551e-04 5.042e-03 -1.000 1.146e-02 1.725 2.740 1.733 1.953 2.162 2.335
0.011307 -0.12000 6.95000 1.9170908928 2.5648422039    1.916  1.237  3.9809  4.359    0  0.000  0.538     0.00     0.00     0.00     0.00     0.00 -1    -1e-30      0.00 7.194e-01 2.692e-01 2.033e-03 5.551e-04 5.042e-03 -1.000 1.146e-02 1.676 2.692 1.716 1.951 2.168 2.347
0.011307 -0.12000 6.95000 1.9359829426 2.5657174580    1.935  1.246  3.9861  4.375    0  0.000  0.538     0.00     0.00     0.00     0.00     0.00 -1    -1e-30      0.00 7.194e-01 2.692e-01 2.033e-03 5.551e-04 5.042e-03 -1.000 1.146e-02 1.654 2.672 1.712 1.955 2.175 2.357
0.011307 -0.12000 6.95000 1.9659292698 2.5670652921    1.965  1.260  3.9903  4.384    0  0.000  0.538     0.00     0.00     0.00     0.00     0.00 -1    -1e-30      0.00 7.194e-01 2.692e-01 2.033e-03 5.551e-04 5.042e-03 -1.000 1.146e-02 1.619 2.637 1.691 1.939 2.163 2.346
0.011307 -0.12000 6.95000 1.9989650249 2.5684984314    1.999  1.277  3.9948  4.393    0  0.000  0.538     0.00     0.00     0.00     0.00     0.00 -1    -1e-30      0.00 7.194e-01 2.692e-01 2.033e-03 5.551e-04 5.042e-03 -1.000 1.146e-02 1.578 2.598 1.667 1.921 2.148 2.333
0.011307 -0.12000 6.95000 2.0147676468 2.5691648927    2.015  1.286  3.9970  4.396    0  0.000  0.538     0.00     0.00     0.00     0.00     0.00 -1    -1e-30      0.00 7.194e-01 2.692e-01 2.033e-03 5.551e-04 5.042e-03 -1.000 1.146e-02 1.554 2.574 1.651 1.908 2.136 2.322
0.011307 -0.12000 6.95000 2.0636062622 2.5711506249    2.063  1.327  4.0049  4.397    0  0.000  0.538     0.00     0.00     0.00     0.00     0.00 -1    -1e-30      0.00 7.194e-01 2.692e-01 2.033e-03 5.551e-04 5.042e-03 -1.000 1.141e-02 1.452 2.474 1.580 1.846 2.079 2.268
0.011307 -0.12000 6.95000 2.0713825226 2.5714568780    2.070  1.332  4.0060  4.398    0  0.000  0.538     0.00     0.00     0.00     0.00     0.00 -1    -1e-30      0.00 7.194e-01 2.692e-01 2.033e-03 5.551e-04 5.042e-03 -1.000 1.141e-02 1.441 2.463 1.573 1.840 2.074 2.263
0.011307 -0.12000 6.95000 2.1124448776 2.5730311358    2.111  1.365  4.0126  4.399    0  0.000  0.538     0.00     0.00     0.00     0.00     0.00 -1    -1e-30      0.00 7.194e-01 2.691e-01 2.033e-03 5.551e-04 5.042e-03 -1.000 1.145e-02 1.357 2.381 1.515 1.790 2.027 2.219
0.011307 -0.12000 6.95000 2.1612832546 2.5748142364    2.160  1.405  4.0202  4.400    0  0.000  0.538     0.00     0.00     0.00     0.00     0.00 -1    -1e-30      0.00 7.194e-01 2.691e-01 2.033e-03 5.551e-04 5.042e-03 -1.000 1.146e-02 1.258 2.285 1.448 1.731 1.972 2.167
0.011307 -0.12000 6.95000 2.2101216316 2.5765070150    2.209  1.444  4.0276  4.401    0  0.000  0.538     0.00     0.00     0.00     0.00     0.00 -1    -1e-30      0.00 7.194e-01 2.691e-01 2.033e-03 5.551e-04 5.042e-03 -1.000 1.146e-02 1.161 2.191 1.383 1.673 1.918 2.115
0.011307 -0.12000 6.95000 2.2589602470 2.5781159021    2.257  1.481  4.0346  4.401    0  0.000  0.538     0.00     0.00     0.00     0.00     0.00 -1    -1e-30      0.00 7.194e-01 2.691e-01 2.033e-03 5.551e-04 5.042e-03 -1.000 1.146e-02 1.068 2.102 1.322 1.617 1.866 2.066
0.011307 -0.12000 6.95000 2.3566372395 2.5811048124    2.355  1.552  4.0480  4.402    0  0.000  0.538     0.00     0.00     0.00     0.00     0.00 -1    -1e-30      0.00 7.194e-01 2.691e-01 2.033e-03 5.550e-04 5.042e-03 -1.000 1.146e-02 0.890 1.931 1.205 1.511 1.765 1.970
0.011307 -0.12000 6.95000 2.5519909859 2.5863009783    2.550  1.685  4.0723  4.401    1  0.000  0.538     0.00     0.00     0.00     0.00     0.00 -1    -1e-30      0.00 7.194e-01 2.692e-01 2.033e-03 5.552e-04 5.043e-03 -1.000 1.146e-02 0.559 1.620 0.991 1.312 1.575 1.790
0.011307 -0.12000 6.95000 2.7473449707 2.5906566864    2.746  1.807  4.0941  4.398    0  0.000  0.538     0.00     0.00     0.00     0.00     0.00 -1    -1e-30      0.00 7.193e-01 2.692e-01 2.034e-03 5.553e-04 5.043e-03 -1.000 1.146e-02 0.253 1.342 0.796 1.128 1.398 1.623
0.011307 -0.12000 6.95000 2.9426991940 2.5943541469    2.942  1.920  4.1138  4.394    0  0.000  0.538     0.00     0.00     0.00     0.00     0.00 -1    -1e-30      0.00 7.193e-01 2.692e-01 2.034e-03 5.553e-04 5.043e-03 -1.000 1.146e-02 -0.030 1.091 0.615 0.957 1.232 1.466
0.011307 -0.12000 6.95000 3.0574662685 2.5962747678    3.056  1.983  4.1246  4.391    1  0.000  0.538     0.00     0.00     0.00     0.00     0.00 -1    -1e-30      0.00 7.193e-01 2.692e-01 2.034e-03 5.553e-04 5.043e-03 -1.000 1.146e-02 -0.187 0.956 0.516 0.863 1.141 1.379
0.011307 -0.12000 6.95000 3.1380534172 2.5975272706    3.136  2.025  4.1319  4.388    1  0.000  0.538     0.00     0.00     0.00     0.00     0.00 -1    -1e-30      0.00 7.193e-01 2.692e-01 2.034e-03 5.553e-04 5.043e-03 -1.000 1.146e-02 -0.294 0.865 0.449 0.799 1.079 1.320
0.011307 -0.12000 6.95000 3.3334074020 2.6002765351    3.331  2.124  4.1483  4.382    1  0.000  0.538     0.00     0.00     0.00     0.00     0.00 -1    -1e-30      0.00 7.193e-01 2.692e-01 2.034e-03 5.553e-04 5.043e-03 -1.000 1.146e-02 -0.539 0.657 0.292 0.651 0.935 1.183
0.011307 -0.12000 6.95000 3.5287609100 2.6026787078    3.525  2.216  4.1638  4.376    1  0.000  0.538     0.00     0.00     0.00     0.00     0.00 -1    -1e-30      0.00 7.193e-01 2.692e-01 2.034e-03 5.553e-04 5.043e-03 -1.000 1.146e-02 -0.770 0.467 0.147 0.513 0.802 1.055
0.011307 -0.12000 6.95000 3.7241153717 2.6047934001    3.721  2.303  4.1777  4.369    1  0.000  0.538     0.00     0.00     0.00     0.00     0.00 -1    -1e-30      0.00 7.193e-01 2.692e-01 2.034e-03 5.553e-04 5.043e-03 -1.000 1.146e-02 -0.987 0.290 0.008 0.381 0.673 0.931
0.011307 -0.12000 6.95000 3.9194691181 2.6066675149    3.918  2.385  4.1911  4.363    1  0.000  0.538     0.00     0.00     0.00     0.00     0.00 -1    -1e-30      0.00 7.193e-01 2.692e-01 2.034e-03 5.553e-04 5.043e-03 -1.000 1.146e-02 -1.192 0.125 -0.121 0.258 0.553 0.816
0.011307 -0.12000 6.95000 4.1148228645 2.6083384743    4.113  2.462  4.2037  4.356    1  0.000  0.538     0.00     0.00     0.00     0.00     0.00 -1    -1e-30      0.00 7.193e-01 2.692e-01 2.034e-03 5.553e-04 5.043e-03 -1.000 1.146e-02 -1.386 -0.029 -0.245 0.141 0.440 0.707
0.011307 -0.12000 6.95000 4.3101773262 2.6098364567    4.307  2.536  4.2154  4.349    1  0.000  0.538     0.00     0.00     0.00     0.00     0.00 -1    -1e-30      0.00 7.193e-01 2.692e-01 2.034e-03 5.553e-04 5.043e-03 -1.000 1.146e-02 -1.571 -0.176 -0.363 0.028 0.330 0.602
0.011307 -0.12000 6.95000 4.4531660080 2.6108376227    4.449  2.588  4.2233  4.344    1  0.000  0.538     0.00     0.00     0.00     0.00     0.00 -1    -1e-30      0.00 7.193e-01 2.692e-01 2.034e-03 5.553e-04 5.043e-03 -1.000 1.146e-02 -1.700 -0.278 -0.447 -0.052 0.253 0.526
0.011307 -0.12000 6.95000 4.5055308342 2.6111860355    4.502  2.606  4.2262  4.342    1  0.000  0.538     0.00     0.00     0.00     0.00     0.00 -1    -1e-30      0.00 7.193e-01 2.692e-01 2.034e-03 5.553e-04 5.043e-03 -1.000 1.146e-02 -1.746 -0.315 -0.476 -0.080 0.225 0.500
0.011307 -0.12000 6.95000 4.7008852959 2.6124074445    4.698  2.674  4.2370  4.336    1  0.000  0.538     0.00     0.00     0.00     0.00     0.00 -1    -1e-30      0.00 7.193e-01 2.692e-01 2.034e-03 5.553e-04 5.043e-03 -1.000 1.146e-02 -1.915 -0.447 -0.584 -0.183 0.125 0.404
0.011307 -0.12000 6.95000 4.7444467545 2.6126640779    4.741  2.689  4.2393  4.334    1  0.000  0.538     0.00     0.00     0.00     0.00     0.00 -1    -1e-30      0.00 7.193e-01 2.692e-01 2.034e-03 5.553e-04 5.043e-03 -1.000 1.146e-02 -1.951 -0.476 -0.608 -0.205 0.104 0.382
0.011307 -0.12000 6.95000 4.8962392807 2.6135174474    4.894  2.739  4.2472  4.330    1  0.000  0.538     0.00     0.00     0.00     0.00     0.00 -1    -1e-30      0.00 7.193e-01 2.692e-01 2.034e-03 5.553e-04 5.043e-03 -1.000 1.146e-02 -2.076 -0.573 -0.688 -0.282 0.030 0.311
0.011307 -0.12000 6.95000 5.0915927887 2.6145300670    5.090  2.800  4.2565  4.323    1  0.000  0.538     0.00     0.00     0.00     0.00     0.00 -1    -1e-30      0.00 7.193e-01 2.692e-01 2.034e-03 5.553e-04 5.043e-03 -1.000 1.146e-02 -2.230 -0.695 -0.789 -0.378 -0.064 0.220
0.011307 -0.12000 6.95000 5.2098498344 2.6151007996    5.209  2.836  4.2621  4.319    1  0.000  0.538     0.00     0.00     0.00     0.00     0.00 -1    -1e-30      0.00 7.193e-01 2.692e-01 2.034e-03 5.553e-04 5.043e-03 -1.000 1.146e-02 -2.320 -0.766 -0.848 -0.434 -0.119 0.167
0.011307 -0.12000 6.95000 5.2869462967 2.6154571131    5.286  2.859  4.2657  4.317    1  0.000  0.538     0.00     0.00     0.00     0.00     0.00 -1    -1e-30      0.00 7.193e-01 2.692e-01 2.034e-03 5.553e-04 5.043e-03 -1.000 1.146e-02 -2.378 -0.811 -0.886 -0.470 -0.154 0.133
0.011307 -0.12000 6.95000 5.4823007584 2.6163085974    5.482  2.916  4.2743  4.310    1  0.000  0.538     0.00     0.00     0.00     0.00     0.00 -1    -1e-30      0.00 7.193e-01 2.692e-01 2.034e-03 5.553e-04 5.043e-03 -1.000 1.146e-02 -2.521 -0.924 -0.980 -0.560 -0.241 0.048
0.011307 -0.12000 6.95000 5.5556163788 2.6166104390    5.556  2.937  4.2774  4.307    1  0.000  0.538     0.00     0.00     0.00     0.00     0.00 -1    -1e-30      0.00 7.193e-01 2.692e-01 2.034e-03 5.553e-04 5.043e-03 -1.000 1.146e-02 -2.573 -0.965 -1.014 -0.593 -0.274 0.017
0.011307 -0.12000 6.95000 5.6776552200 2.6170930500    5.678  2.971  4.2826  4.303    1  0.000  0.538     0.00     0.00     0.00     0.00     0.00 -1    -1e-30      0.00 7.193e-01 2.692e-01 2.034e-03 5.553e-04 5.043e-03 -1.000 1.146e-02 -2.658 -1.033 -1.071 -0.647 -0.326 -0.034
0.011307 -0.12000 6.95000 5.8730087280 2.6178177882    5.873  3.025  4.2907  4.297    1  0.000  0.538     0.00     0.00     0.00     0.00     0.00 -1    -1e-30      0.00 7.193e-01 2.692e-01 2.034e-03 5.553e-04 5.043e-03 -1.000 1.146e-02 -2.791 -1.138 -1.159 -0.732 -0.408 -0.114
0.011307 -0.12000 6.95000 5.9995651245 2.6182584365    5.999  3.058  4.2957  4.293    1  0.000  0.538     0.00     0.00     0.00     0.00     0.00 -1    -1e-30      0.00 7.193e-01 2.692e-01 2.034e-03 5.553e-04 5.043e-03 -1.000 1.146e-02 -2.875 -1.204 -1.215 -0.785 -0.460 -0.164
0.011307 -0.12000 6.95000 6.0411314964 2.6183985399    6.041  3.069  4.2973  4.292    1  0.000  0.538     0.00     0.00     0.00     0.00     0.00 -1    -1e-30      0.00 7.193e-01 2.692e-01 2.034e-03 5.553e-04 5.043e-03 -1.000 1.146e-02 -2.902 -1.226 -1.233 -0.802 -0.477 -0.180
0.011307 -0.12000 6.95000 6.2092542648 2.6189432737    6.209  3.112  4.3037  4.286    1  0.000  0.538     0.00     0.00     0.00     0.00     0.00 -1    -1e-30      0.00 7.193e-01 2.692e-01 2.034e-03 5.553e-04 5.043e-03 -1.000 1.146e-02 -3.010 -1.311 -1.305 -0.871 -0.545 -0.246
0.011307 -0.12000 6.95000 6.3773775101 2.6194551118    6.376  3.154  4.3099  4.280    1  0.000  0.538     0.00     0.00     0.00     0.00     0.00 -1    -1e-30      0.00 7.193e-01 2.692e-01 2.034e-03 5.553e-04 5.043e-03 -1.000 1.146e-02 -3.114 -1.394 -1.375 -0.939 -0.610 -0.310
0.011307 -0.12000 6.95000 6.8817462921 2.6208195642    6.874  3.271  4.3271  4.264    1  0.000  0.538     0.00     0.00     0.00     0.00     0.00 -1    -1e-30      0.00 7.193e-01 2.692e-01 2.034e-03 5.553e-04 5.043e-03 -1.000 1.146e-02 -3.408 -1.628 -1.575 -1.131 -0.797 -0.492
0.011307 -0.12000 6.95000 7.0977649689 2.6213362062    7.088  3.318  4.3339  4.258    1  0.000  0.538     0.00     0.00     0.00     0.00     0.00 -1    -1e-30      0.00 7.193e-01 2.692e-01 2.034e-03 5.553e-04 5.043e-03 -1.000 1.146e-02 -3.526 -1.723 -1.656 -1.209 -0.874 -0.566
0.011307 -0.12000 6.95000 7.7223606110 2.6226448308    7.708  3.449  4.3526  4.239    1  0.000  0.538     0.00     0.00     0.00     0.00     0.00 -1    -1e-30      0.00 7.193e-01 2.692e-01 2.034e-03 5.553e-04 5.043e-03 -1.000 1.146e-02 -3.852 -1.985 -1.881 -1.426 -1.086 -0.773
0.011307 -0.12000 6.95000 8.3738908768 2.6237735016    8.348  3.573  4.3699  4.218    1  0.000  0.538     0.00     0.00     0.00     0.00     0.00 -1    -1e-30      0.00 7.193e-01 2.692e-01 2.034e-03 5.553e-04 5.043e-03 -1.000 1.146e-02 -4.163 -2.238 -2.100 -1.638 -1.294 -0.976
0.011307 -0.12000 6.95000 8.5629749298 2.6240643094    8.535  3.608  4.3747  4.212    1  0.000  0.538     0.00     0.00     0.00     0.00     0.00 -1    -1e-30      0.00 7.193e-01 2.692e-01 2.034e-03 5.553e-04 5.043e-03 -1.000 1.146e-02 -4.250 -2.308 -2.161 -1.698 -1.353 -1.033
0.011307 -0.12000 6.95000 8.8250160217 2.6244437286    8.792  3.654  4.3809  4.204    1  0.000  0.538     0.00     0.00     0.00     0.00     0.00 -1    -1e-30      0.00 7.193e-01 2.692e-01 2.034e-03 5.553e-04 5.043e-03 -1.000 1.146e-02 -4.365 -2.402 -2.243 -1.778 -1.431 -1.110
0.011307 -0.12000 6.95000 9.4035892487 2.6251960059    9.361  3.752  4.3938  4.185    1  0.000  0.538     0.00     0.00     0.00     0.00     0.00 -1    -1e-30      0.00 7.193e-01 2.692e-01 2.034e-03 5.553e-04 5.043e-03 -1.000 1.146e-02 -4.610 -2.604 -2.421 -1.951 -1.601 -1.277
0.011307 -0.12000 6.95000 9.6655998230 2.6255028072    9.619  3.794  4.3992  4.176    1  0.000  0.538     0.00     0.00     0.00     0.00     0.00 -1    -1e-30      0.00 7.193e-01 2.692e-01 2.034e-03 5.553e-04 5.043e-03 -1.000 1.146e-02 -4.714 -2.691 -2.498 -2.026 -1.675 -1.349
0.011307 -0.12000 6.95000 10.2697267532 2.6261420973   10.211  3.887  4.4108  4.155    1  0.000  0.538     0.00     0.00     0.00     0.00     0.00 -1    -1e-30      0.00 7.193e-01 2.692e-01 2.034e-03 5.553e-04 5.043e-03 -1.000 1.146e-02 -4.948 -2.904 -2.662 -2.169 -1.811 -1.527
0.011307 -0.12000 6.95000 10.8279771805 2.6266605053   10.758  3.970  4.4207  4.134    1  0.000  0.538     0.00     0.00     0.00     0.00     0.00 -1    -1e-30      0.00 7.193e-01 2.692e-01 2.034e-03 5.553e-04 5.043e-03 -1.000 1.146e-02 -5.156 -3.072 -2.821 -2.318 -1.953 -1.666
0.011307 -0.12000 6.95000 11.0848188400 2.6268789466   11.010  4.008  4.4250  4.124    1  0.000  0.538     0.00     0.00     0.00     0.00     0.00 -1    -1e-30      0.00 7.193e-01 2.692e-01 2.034e-03 5.553e-04 5.043e-03 -1.000 1.146e-02 -5.249 -3.149 -2.894 -2.386 -2.019 -1.730
0.011307 -0.12000 6.95000 11.1226806641 2.6269101680   11.047  4.013  4.4256  4.123    1  0.000  0.538     0.00     0.00     0.00     0.00     0.00 -1 -2.14e-30      0.00 7.193e-01 2.692e-01 2.034e-03 5.553e-04 5.043e-03 -1.000 1.146e-02 -5.262 -3.161 -2.905 -2.397 -2.030 -1.741
0.011307 -0.12000 6.95000 11.6711597443 2.6273364498   11.578  4.087  4.4337  4.102    1  0.000  0.539     0.00     0.00     0.00     0.00     0.00 -1 -1.01e-25      0.00 7.193e-01 2.692e-01 2.039e-03 5.554e-04 5.043e-03 -1.000 1.146e-02 -5.447 -3.331 -3.059 -2.561 -2.195 -1.904
0.011307 -0.12000 6.95000 12.1840705872 2.6276954150   12.074  4.154  4.4407  4.081    1  0.000  0.541     0.00     0.00     0.00     0.00     0.00 -1 -1.55e-21      0.00 7.193e-01 2.692e-01 2.044e-03 5.555e-04 5.043e-03 -1.000 1.146e-02 -5.615 -3.483 -3.198 -2.709 -2.346 -2.052
0.011307 -0.12000 6.95000 12.6439695358 2.6279889650   12.517  4.213  4.4463  4.060    1  0.000  0.542     0.00     0.00     0.00     0.00     0.00 -1 -6.39e-18      0.00 7.193e-01 2.692e-01 2.047e-03 5.556e-04 5.043e-03 -1.000 1.146e-02 -5.763 -3.618 -3.320 -2.839 -2.479 -2.184
0.011307 -0.12000 6.95000 12.7660484314 2.6280628133   12.635  4.229  4.4477  4.054    1  0.000  0.542     0.00     0.00     0.00     0.00     0.00 -1 -5.52e-17      0.00 7.193e-01 2.692e-01 2.048e-03 5.557e-04 5.043e-03 -1.000 1.146e-02 -5.802 -3.653 -3.353 -2.874 -2.514 -2.219
0.011307 -0.12000 6.95000 13.1003313065 2.6282569523   12.958  4.269  4.4512  4.038    1  0.000  0.542     0.00     0.00     0.00     0.00     0.00 -1 -6.26e-17      0.00 7.193e-01 2.692e-01 2.048e-03 5.557e-04 5.043e-03 -1.000 1.146e-02 -5.903 -3.742 -3.436 -2.959 -2.600 -2.303
0.011307 -0.12000 6.95000 13.7688789368 2.6286128991   13.602  4.349  4.4573  4.004    1  0.000  0.542     0.00     0.00     0.00     0.00     0.00 -1 -8.11e-17      0.00 7.193e-01 2.692e-01 2.048e-03 5.557e-04 5.043e-03 -1.000 1.146e-02 -6.101 -3.909 -3.598 -3.114 -2.750 -2.451
0.011307 -0.12000 6.95000 14.4078722000 2.6289178490   14.215  4.422  4.4622  3.969    1  0.000  0.542     0.00     0.00     0.00     0.00     0.00 -1 -1.03e-16      0.00 7.193e-01 2.692e-01 2.048e-03 5.557e-04 5.043e-03 -1.000 1.146e-02 -6.285 -4.072 -3.757 -3.268 -2.899 -2.598
0.011307 -0.12000 6.95000 14.4472770691 2.6289356415   14.255  4.426  4.4624  3.967    1  0.000  0.542     0.00     0.00     0.00     0.00     0.00 -1 -1.04e-16      0.00 7.193e-01 2.692e-01 2.048e-03 5.557e-04 5.043e-03 -1.000 1.146e-02 -6.296 -4.082 -3.767 -3.277 -2.909 -2.607
0.011307 -0.12000 6.95000 14.7634077072 2.6290744397   14.552  4.460  4.4643  3.950    1  0.000  0.542     0.00     0.00     0.00     0.00     0.00 -1 -5.58e-16      0.00 7.193e-01 2.692e-01 2.049e-03 5.557e-04 5.043e-03 -1.000 1.146e-02 -6.380 -4.159 -3.842 -3.350 -2.980 -2.678
0.011307 -0.12000 6.95000 15.3471975327 2.6293135548   15.098  4.522  4.4667  3.914    1  0.000  0.543     0.00     0.00     0.00     0.00     0.00 -1 -1.12e-14      0.00 7.193e-01 2.692e-01 2.051e-03 5.557e-04 5.043e-03 -1.000 1.146e-02 -6.534 -4.309 -3.989 -3.495 -3.124 -2.820
0.011307 -0.12000 6.95000 15.9183197021 2.6295280710   15.630  4.581  4.4681  3.875    1  0.000  0.543     0.00     0.00     0.00     0.00     0.00 -1 -1.91e-13      0.00 7.193e-01 2.692e-01 2.053e-03 5.558e-04 5.043e-03 -1.000 1.146e-02 -6.682 -4.458 -4.136 -3.641 -3.269 -2.965
0.011307 -0.12000 6.95000 16.1285057068 2.6296026336   15.825  4.602  4.4682  3.860    1  0.000  0.543     0.00     0.00     0.00     0.00     0.00 -1 -5.28e-13      0.00 7.193e-01 2.692e-01 2.054e-03 5.558e-04 5.043e-03 -1.000 1.146e-02 -6.735 -4.514 -4.192 -3.696 -3.325 -3.021
0.011307 -0.12000 6.95000 16.4550323486 2.6297141340   16.131  4.635  4.4681  3.835    1  0.000  0.544     0.00     0.00     0.00     0.00     0.00 -1 -4.65e-12      0.00 7.193e-01 2.692e-01 2.055e-03 5.558e-04 5.043e-03 -1.000 1.146e-02 -6.818 -4.602 -4.279 -3.784 -3.413 -3.109
0.011307 -0.12000 6.95000 16.9262962341 2.6298663689   16.571  4.682  4.4669  3.794    1  0.000  0.544     0.00     0.00     0.00     0.00     0.00 -1 -1.01e-10      0.00 7.193e-01 2.692e-01 2.057e-03 5.559e-04 5.043e-03 -1.000 1.146e-02 -6.936 -4.734 -4.411 -3.918 -3.548 -3.245
0.011307 -0.12000 6.95000 17.4895000458 2.6300359855   17.093  4.739  4.4633  3.737    1  0.000  0.545     0.00     0.00     0.00     0.00     0.00 -1 -3.52e-09      0.00 7.193e-01 2.692e-01 2.059e-03 5.559e-04 5.043e-03 -1.000 1.146e-02 -7.077 -4.901 -4.580 -4.089 -3.723 -3.420
0.011307 -0.12000 6.95000 17.8097343445 2.6301269458   17.390  4.771  4.4604  3.701    0  0.000  0.545     0.00     0.00     0.00     0.00     0.00 -1  -2.5e-08      0.00 7.193e-01 2.692e-01 2.060e-03 5.560e-04 5.042e-03 -1.000 1.146e-02 -7.157 -4.997 -4.678 -4.188 -3.824 -3.523
0.011307 -0.12000 6.95000 18.2909202576 2.6302567607   17.835  4.817  4.4549  3.644    0  0.000  0.545     0.00     0.00     0.00     0.00     0.00 -1 -2.91e-08      0.00 7.193e-01 2.692e-01 2.060e-03 5.560e-04 5.042e-03 -1.000 1.146e-02 -7.272 -5.139 -4.824 -4.335 -3.976 -3.676
0.011307 -0.12000 6.95000 18.7064628601 2.6303627081   18.219  4.857  4.4479  3.585    0  0.000  0.545     0.00     0.00     0.00     0.00     0.00 -1 -3.25e-08      0.00 7.193e-01 2.692e-01 2.060e-03 5.560e-04 5.042e-03 -1.000 1.146e-02 -7.372 -5.271 -4.963 -4.474 -4.117 -3.820
0.011307 -0.12000 6.95000 19.0982112885 2.6304577490   18.577  4.895  4.4392  3.521    0  0.000  0.545     0.00     0.00     0.00     0.00     0.00 -1 -3.53e-08      0.00 7.193e-01 2.692e-01 2.060e-03 5.560e-04 5.042e-03 -1.000 1.146e-02 -7.467 -5.419 -5.122 -4.631 -4.272 -3.977
0.011307 -0.12000 6.95000 19.3732757568 2.6305218466   18.829  4.921  4.4321  3.472    0  0.000  0.545     0.00     0.00     0.00     0.00     0.00 -1 -3.68e-08      0.00 7.193e-01 2.692e-01 2.060e-03 5.560e-04 5.042e-03 -1.000 1.146e-02 -7.533 -5.535 -5.247 -4.761 -4.400 -4.108
0.011307 -0.12000 6.95000 19.6244659424 2.6305785793   19.058  4.945  4.4247  3.423    0  0.000  0.545     0.00     0.00     0.00     0.00     0.00 -1 -3.78e-08      0.00 7.193e-01 2.692e-01 2.060e-03 5.560e-04 5.042e-03 -1.000 1.146e-02 -7.593 -5.650 -5.371 -4.890 -4.528 -4.239
0.011307 -0.12000 6.95000 19.7870578766 2.6306144198   19.207  4.961  4.4189  3.388    0  0.000  0.545     0.00     0.00     0.00     0.00     0.00 -1 -3.81e-08      0.00 7.193e-01 2.692e-01 2.060e-03 5.560e-04 5.042e-03 -1.000 1.146e-02 -7.633 -5.721 -5.448 -4.974 -4.616 -4.329
0.011307 -0.12000 6.95000 19.8480968475 2.6306277005   19.265  4.967  4.4166  3.374    0  0.000  0.545     0.00     0.00     0.00     0.00     0.00 -1 -3.82e-08      0.00 7.193e-01 2.692e-01 2.060e-03 5.560e-04 5.042e-03 -1.000 1.146e-02 -7.648 -5.749 -5.477 -5.005 -4.649 -4.363
0.011307 -0.12000 6.95000 20.0415878296 2.6306691857   19.447  4.987  4.4085  3.326    0  0.000  0.545     0.00     0.00     0.00     0.00     0.00 -1  -3.8e-08      0.00 7.193e-01 2.692e-01 2.060e-03 5.560e-04 5.042e-03 -1.000 1.146e-02 -7.696 -5.840 -5.576 -5.113 -4.762 -4.479
0.011307 -0.12000 6.95000 20.2303142548 2.6307087714   19.625  5.006  4.3998  3.276    0  0.000  0.545     0.00     0.00     0.00     0.00     0.00 -1 -3.72e-08      0.00 7.193e-01 2.692e-01 2.060e-03 5.560e-04 5.042e-03 -1.000 1.146e-02 -7.744 -5.883 -5.624 -5.163 -4.816 -4.512
0.011307 -0.12000 6.95000 20.4167613983 2.6307470538   19.801  5.025  4.3915  3.228    0  0.000  0.545     0.00     0.00     0.00     0.00     0.00 -1 -3.64e-08      0.00 7.193e-01 2.692e-01 2.060e-03 5.560e-04 5.042e-03 -1.000 1.146e-02 -7.792 -5.971 -5.721 -5.264 -4.919 -4.617
0.011307 -0.12000 6.95000 20.6202335358 2.6307879246   19.993  5.047  4.3862  3.188    0  0.000  0.545     0.00     0.00     0.00     0.00     0.00 -1 -3.75e-08      0.00 7.193e-01 2.692e-01 2.060e-03 5.560e-04 5.042e-03 -1.000 1.146e-02 -7.848 -6.051 -5.806 -5.351 -5.007 -4.706
0.011307 -0.12000 6.95000 20.8130512238 2.6308258084   20.174  5.073  4.3949  3.201    0  0.000  0.545     0.00     0.00     0.00     0.00     0.00 -1  -4.7e-08      0.00 7.193e-01 2.692e-01 2.060e-03 5.560e-04 5.042e-03 -1.000 1.146e-02 -7.912 -6.075 -5.816 -5.358 -5.013 -4.705
0.011307 -0.12000 6.95000 20.8371143341 2.6308304797   20.197  5.082  4.4063  3.239    0  0.000  0.545     0.00     0.00     0.00     0.00     0.00 -1 -5.69e-08      0.00 7.193e-01 2.692e-01 2.060e-03 5.560e-04 5.042e-03 -1.000 1.146e-02 -7.935 -6.109 -5.847 -5.389 -5.041 -4.759
0.011307 -0.12000 6.95000 20.8460865021 2.6308322182   20.205  5.092  4.4172  3.272    0  0.000  0.545     0.00     0.00     0.00     0.00     0.00 -1 -6.78e-08      0.00 7.193e-01 2.692e-01 2.060e-03 5.560e-04 5.042e-03 -1.000 1.146e-02 -7.961 -6.089 -5.817 -5.352 -4.998 -4.712
0.011307 -0.12000 6.95000 20.8502464294 2.6308330237   20.209  5.107  4.4286  3.303    0  0.000  0.545     0.00     0.00     0.00     0.00     0.00 -1 -8.25e-08      0.00 7.193e-01 2.692e-01 2.060e-03 5.560e-04 5.042e-03 -1.000 1.146e-02 -7.997 -6.072 -5.789 -5.317 -4.958 -4.670
0.011307 -0.12000 6.95000 20.8515338898 2.6308332729   20.210  5.114  4.4342  3.318    0  0.000  0.545     0.00     0.00     0.00     0.00     0.00 -1 -9.17e-08      0.00 7.193e-01 2.692e-01 2.060e-03 5.560e-04 5.042e-03 -1.000 1.146e-02 -8.016 -6.059 -5.770 -5.296 -4.939 -4.649
0.011307 -0.12000 6.95000 20.8554096222 2.6308340229   20.213  5.111  4.4328  3.316    1  0.000  0.545     0.00     0.00     0.00     0.00     0.00 -1 -8.95e-08      0.00 7.193e-01 2.692e-01 2.060e-03 5.560e-04 5.042e-03 -1.000 1.146e-02 -8.008 -6.059 -5.771 -5.298 -4.940 -4.650
0.011307 -0.12000 6.95000 20.8568801880 2.6308343074   20.215  5.109  4.4290  3.303    1  0.000  0.545     0.00     0.00     0.00     0.00     0.00 -1 -8.53e-08      0.00 7.193e-01 2.692e-01 2.060e-03 5.560e-04 5.042e-03 -1.000 1.146e-02 -8.003 -6.076 -5.792 -5.320 -4.962 -4.673
0.011307 -0.12000 6.95000 20.8579425812 2.6308345129   20.216  5.108  4.4238  3.283    1  0.000  0.545     0.00     0.00     0.00     0.00     0.00 -1    -8e-08      0.00 7.193e-01 2.692e-01 2.060e-03 5.560e-04 5.042e-03 -1.000 1.146e-02 -8.001 -6.103 -5.825 -5.355 -4.997 -4.710
0.011307 -0.12000 6.95000 20.8588829041 2.6308346948   20.217  5.109  4.4178  3.258    1  0.000  0.545     0.00     0.00     0.00     0.00     0.00 -1 -7.48e-08      0.00 7.193e-01 2.692e-01 2.060e-03 5.560e-04 5.042e-03 -1.000 1.146e-02 -8.001 -6.131 -5.859 -5.394 -5.040 -4.754
0.011307 -0.12000 6.95000 20.8598384857 2.6308348796   20.218  5.109  4.4104  3.228    1  0.000  0.545     0.00     0.00     0.00     0.00     0.00 -1 -6.86e-08      0.00 7.193e-01 2.692e-01 2.060e-03 5.560e-04 5.042e-03 -1.000 1.146e-02 -8.003 -6.166 -5.900 -5.441 -5.091 -4.808
0.011307 -0.12000 6.95000 20.8606433868 2.6308350353   20.218  5.110  4.4028  3.197    1  0.000  0.545     0.00     0.00     0.00     0.00     0.00 -1 -1.06e-07      0.00 7.193e-01 2.692e-01 2.060e-03 5.560e-04 5.042e-03 -1.000 1.146e-02 -8.005 -6.172 -5.911 -5.447 -5.087 -4.803
0.011307 -0.12000 6.95000 20.8612995148 2.6308351621   20.219  5.111  4.3960  3.169    1  0.000  0.545     0.00     0.00     0.00     0.00     0.00 -1 -1.03e-07      0.00 7.193e-01 2.692e-01 2.060e-03 5.560e-04 5.042e-03 -1.000 1.146e-02 -8.008 -6.206 -5.951 -5.490 -5.132 -4.850
0.011307 -0.12000 6.95000 20.8619670868 2.6308352912   20.219  5.112  4.3886  3.138    1  0.000  0.545     0.00     0.00     0.00     0.00     0.00 -1 -1.56e-07      0.00 7.193e-01 2.692e-01 2.060e-03 5.560e-04 5.042e-03 -1.000 1.146e-02 -8.010 -6.253 -6.005 -5.548 -5.195 -4.916
0.011307 -0.12000 6.95000 20.8628101349 2.6308354542   20.220  5.113  4.3785  3.097    1  0.000  0.545     0.00     0.00     0.00     0.00     0.00 -1 -1.66e-07      0.00 7.193e-01 2.692e-01 2.060e-03 5.560e-04 5.042e-03 -1.000 1.146e-02 -8.013 -6.308 -6.069 -5.616 -5.266 -4.990
0.011307 -0.12000 6.95000 20.8636665344 2.6308356197   20.221  5.115  4.3676  3.052    1  0.000  0.545     0.00     0.00     0.00     0.00     0.00 -1 -1.54e-07      0.00 7.193e-01 2.692e-01 2.060e-03 5.560e-04 5.042e-03 -1.000 1.146e-02 -8.016 -6.360 -6.135 -5.687 -5.339 -5.067
0.011307 -0.12000 6.95000 20.8641853333 2.6308357200   20.221  5.115  4.3606  3.023    1  0.000  0.545     0.00     0.00     0.00     0.00     0.00 -1 -1.52e-07      0.00 7.193e-01 2.692e-01 2.060e-03 5.560e-04 5.042e-03 -1.000 1.146e-02 -8.018 -6.392 -6.177 -5.733 -5.385 -5.116
0.011307 -0.12000 6.95000 20.8647079468 2.6308358210   20.222  5.116  4.3532  2.992    1  0.000  0.545     0.00     0.00     0.00     0.00     0.00 -1 -1.87e-07      0.00 7.193e-01 2.692e-01 2.060e-03 5.560e-04 5.042e-03 -1.000 1.146e-02 -8.020 -6.427 -6.225 -5.783 -5.436 -5.171
0.011307 -0.12000 6.95000 20.8652362823 2.6308359231   20.222  5.117  4.3455  2.961    1  0.000  0.545     0.00     0.00     0.00     0.00     0.00 -1 -2.12e-07      0.00 7.193e-01 2.692e-01 2.060e-03 5.560e-04 5.042e-03 -1.000 1.146e-02 -8.022 -6.460 -6.269 -5.830 -5.485 -5.224
0.011307 -0.12000 6.95000 20.8657684326 2.6308360260   20.222  5.118  4.3373  2.928    1  0.000  0.545     0.00     0.00     0.00     0.00     0.00 -1 -2.02e-07      0.00 7.193e-01 2.692e-01 2.060e-03 5.560e-04 5.042e-03 -1.000 1.146e-02 -8.024 -6.492 -6.313 -5.875 -5.532 -5.275
0.011307 -0.12000 6.95000 20.8663063049 2.6308361299   20.222  5.118  4.3287  2.892    1  0.000  0.545     0.00     0.00     0.00     0.00     0.00 -1 -3.48e-07      0.00 7.193e-01 2.692e-01 2.060e-03 5.560e-04 5.042e-03 -1.000 1.146e-02 -8.025 -6.528 -6.362 -5.926 -5.587 -5.334
0.011307 -0.12000 6.95000 20.8668441772 2.6308362339   20.223  5.119  4.3197  2.856    1  0.000  0.545     0.00     0.00     0.00     0.00     0.00 -1 -5.88e-07      0.00 7.193e-01 2.692e-01 2.060e-03 5.560e-04 5.042e-03 -1.000 1.146e-02 -8.027 -6.563 -6.414 -5.980 -5.643 -5.397
0.011307 -0.12000 6.95000 20.8673915863 2.6308363396   20.223  5.119  4.3102  2.818    1  0.000  0.545     0.00     0.00     0.00     0.00     0.00 -1  -7.8e-07      0.00 7.193e-01 2.692e-01 2.060e-03 5.560e-04 5.042e-03 -1.000 1.146e-02 -8.028 -6.599 -6.468 -6.035 -5.700 -5.460
0.011307 -0.12000 6.95000 20.8679428101 2.6308364461   20.224  5.120  4.3003  2.777    1  0.000  0.545     0.00     0.00     0.00     0.00     0.00 -1 -7.92e-07      0.00 7.193e-01 2.692e-01 2.060e-03 5.560e-04 5.042e-03 -1.000 1.146e-02 -8.029 -6.638 -6.522 -6.093 -5.760 -5.525
0.011307 -0.12000 6.95000 20.8683128357 2.6308365176   20.224  5.120  4.2933  2.749    1  0.000  0.545     0.00     0.00     0.00     0.00     0.00 -1 -7.78e-07      0.00 7.193e-01 2.692e-01 2.060e-03 5.560e-04 5.042e-03 -1.000 1.146e-02 -8.029 -6.517 -6.429 -6.009 -5.687 -5.396
0.011307 -0.12000 6.95000 20.8686809540 2.6308365887   20.224  5.120  4.2863  2.721    1  0.000  0.545     0.00     0.00     0.00     0.00     0.00 -1 -7.67e-07      0.00 7.193e-01 2.692e-01 2.060e-03 5.560e-04 5.042e-03 -1.000 1.146e-02 -8.030 -6.557 -6.467 -6.055 -5.736 -5.448
0.011307 -0.12000 6.95000 20.8690567017 2.6308366613   20.224  5.120  4.2788  2.691    1  0.000  0.545     0.00     0.00     0.00     0.00     0.00 -1 -7.54e-07      0.00 7.193e-01 2.692e-01 2.060e-03 5.560e-04 5.042e-03 -1.000 1.146e-02 -8.030 -6.599 -6.508 -6.103 -5.788 -5.502
0.011307 -0.12000 6.95000 20.8694343567 2.6308367343   20.225  5.120  4.2711  2.660    1  0.000  0.545     0.00     0.00     0.00     0.00     0.00 -1 -7.37e-07      0.00 7.193e-01 2.692e-01 2.060e-03 5.560e-04 5.042e-03 -1.000 1.146e-02 -8.030 -6.628 -6.549 -6.149 -5.836 -5.553
0.011307 -0.12000 6.95000 20.8698158264 2.6308368080   20.225  5.120  4.2630  2.628    1  0.000  0.545     0.00     0.00     0.00     0.00     0.00 -1 -7.21e-07      0.00 7.193e-01 2.692e-01 2.060e-03 5.560e-04 5.042e-03 -1.000 1.146e-02 -8.030 -6.655 -6.592 -6.195 -5.884 -5.604
0.011307 -0.12000 6.95000 20.8702011108 2.6308368824   20.225  5.120  4.2546  2.595    1  0.000  0.545     0.00     0.00     0.00     0.00     0.00 -1 -7.08e-07      0.00 7.193e-01 2.692e-01 2.060e-03 5.560e-04 5.042e-03 -1.000 1.146e-02 -8.029 -6.682 -6.636 -6.242 -5.934 -5.658
0.011307 -0.12000 6.95000 20.8705921173 2.6308369579   20.225  5.119  4.2458  2.560    1  0.000  0.545     0.00     0.00     0.00     0.00     0.00 -1 -6.92e-07      0.00 7.193e-01 2.692e-01 2.060e-03 5.560e-04 5.042e-03 -1.000 1.146e-02 -8.028 -6.710 -6.681 -6.292 -5.987 -5.713
0.011307 -0.12000 6.95000 20.8709926605 2.6308370353   20.225  5.119  4.2363  2.522    1  0.000  0.545     0.00     0.00     0.00     0.00     0.00 -1 -6.73e-07      0.00 7.193e-01 2.692e-01 2.060e-03 5.560e-04 5.042e-03 -1.000 1.146e-02 -8.027 -6.739 -6.730 -6.345 -6.043 -5.773
0.011307 -0.12000 6.95000 20.8714046478 2.6308371149   20.225  5.118  4.2262  2.482    1  0.000  0.545     0.00     0.00     0.00     0.00     0.00 -1  -6.6e-07      0.00 7.193e-01 2.692e-01 2.060e-03 5.560e-04 5.042e-03 -1.000 1.146e-02 -8.026 -6.767 -6.782 -6.402 -6.102 -5.836
0.011307 -0.12000 6.95000 20.8716220856 2.6308371569   20.226  5.118  4.2207  2.461    1  0.000  0.545     0.00     0.00     0.00     0.00     0.00 -1 -6.52e-07      0.00 7.193e-01 2.692e-01 2.060e-03 5.560e-04 5.042e-03 -1.000 1.146e-02 -8.025 -6.781 -6.811 -6.432 -6.134 -5.871
0.011307 -0.12000 6.95000 20.8718528748 2.6308372014   20.226  5.117  4.2147  2.437    1  0.000  0.545     0.00     0.00     0.00     0.00     0.00 -1 -6.39e-07      0.00 7.193e-01 2.692e-01 2.060e-03 5.560e-04 5.042e-03 -1.000 1.146e-02 -8.024 -6.796 -6.841 -6.465 -6.168 -5.908
0.011307 -0.12000 6.95000 20.8723258972 2.6308372928   20.226  5.116  4.2019  2.387    1  0.000  0.545     0.00     0.00     0.00     0.00     0.00 -1 -8.74e-07      0.00 7.193e-01 2.692e-01 2.060e-03 5.560e-04 5.042e-03 -1.000 1.146e-02 -8.021 -6.827 -6.907 -6.536 -6.243 -5.988
0.011307 -0.12000 6.95000 20.8728313446 2.6308373904   20.227  5.115  4.1875  2.331    1  0.000  0.545     0.00     0.00     0.00     0.00     0.00 -1 -8.95e-07      0.00 7.193e-01 2.692e-01 2.060e-03 5.560e-04 5.042e-03 -1.000 1.146e-02 -8.018 -6.863 -6.981 -6.616 -6.328 -6.079
0.011307 -0.12000 6.95000 20.8733901978 2.6308374983   20.226  5.114  4.1704  2.264    1  0.000  0.545     0.00     0.00     0.00     0.00     0.00 -1 -8.54e-07      0.00 7.193e-01 2.692e-01 2.060e-03 5.560e-04 5.042e-03 -1.000 1.146e-02 -8.014 -6.910 -7.065 -6.711 -6.429 -6.187
0.011307 -0.12000 6.95000 20.8737030029 2.6308375587   20.227  5.113  4.1602  2.224    1  0.000  0.545     0.00     0.00     0.00     0.00     0.00 -1 -8.36e-07      0.00 7.193e-01 2.692e-01 2.060e-03 5.560e-04 5.042e-03 -1.000 1.146e-02 -8.011 -6.946 -7.110 -6.767 -6.490 -6.252
0.011307 -0.12000 6.95000 20.8740520477 2.6308376261   20.227  5.111  4.1482  2.177    1  0.000  0.545     0.00     0.00     0.00     0.00     0.00 -1  -8.1e-07      0.00 7.193e-01 2.692e-01 2.060e-03 5.560e-04 5.042e-03 -1.000 1.146e-02 -8.008 -6.991 -7.162 -6.832 -6.561 -6.329
0.011307 -0.12000 6.95000 20.8744449615 2.6308377020   20.227  5.110  4.1339  2.122    1  0.000  0.545     0.00     0.00     0.00     0.00     0.00 -1 -1.33e-06      0.00 7.193e-01 2.692e-01 2.060e-03 5.560e-04 5.042e-03 -1.000 1.146e-02 -8.004 -7.016 -7.237 -6.912 -6.644 -6.418
0.011307 -0.12000 6.95000 20.8748817444 2.6308377863   20.227  5.108  4.1171  2.057    1  0.000  0.545     0.00     0.00     0.00     0.00     0.00 -1 -1.27e-06      0.00 7.193e-01 2.692e-01 2.060e-03 5.560e-04 5.042e-03 -1.000 1.146e-02 -7.999 -7.028 -7.334 -7.006 -6.739 -6.523
0.011307 -0.12000 6.95000 20.8753719330 2.6308378809   20.227  5.105  4.0966  1.977    1  0.000  0.545     0.00     0.00     0.00     0.00     0.00 -1  -1.2e-06      0.00 7.193e-01 2.692e-01 2.060e-03 5.560e-04 5.042e-03 -1.000 1.146e-02 -7.992 -7.056 -7.439 -7.117 -6.855 -6.650
0.011307 -0.12000 6.95000 20.8759212494 2.6308379870   20.227  5.101  4.0710  1.879    1  0.000  0.545     0.00     0.00     0.00     0.00     0.00 -1 -1.14e-06      0.00 7.193e-01 2.692e-01 2.060e-03 5.560e-04 5.042e-03 -1.000 1.146e-02 -7.982 -7.134 -7.531 -7.244 -6.997 -6.806
0.011307 -0.12000 6.95000 20.8765316010 2.6308381048   20.227  5.093  4.0397  1.762    1  0.000  0.545     0.00     0.00     0.00     0.00     0.00 -1 -1.02e-06      0.00 7.193e-01 2.692e-01 2.060e-03 5.560e-04 5.042e-03 -1.000 1.146e-02 -7.962 -7.146 -7.663 -7.391 -7.154 -6.984
0.011307 -0.12000 6.95000 20.8772182465 2.6308382373   20.227  5.075  4.0031  1.633    1  0.000  0.545     0.00     0.00     0.00     0.00     0.00 -1 -8.78e-07      0.00 7.193e-01 2.692e-01 2.060e-03 5.560e-04 5.042e-03 -1.000 1.146e-02 -7.917 -7.089 -7.787 -7.529 -7.300 -7.160
0.011307 -0.12000 6.95000 20.8779067993 2.6308383702   20.228  5.061  3.9726  1.526    1  0.000  0.545     0.00     0.00     0.00     0.00     0.00 -1 -8.91e-07      0.00 7.193e-01 2.692e-01 2.060e-03 5.560e-04 5.042e-03 -1.000 1.146e-02 -7.881 -7.013 -7.882 -7.633 -7.411 -7.301
0.011307 -0.12000 6.95000 20.8785476685 2.6308384939   20.228  5.085  3.9420  1.379    1  0.000  0.536     0.00     0.00     0.00     0.00     0.00 -1 -1.01e-06      0.00 7.192e-01 2.693e-01 2.016e-03 6.041e-04 5.037e-03 -1.000 1.147e-02 -7.942 -7.059 -8.019 -7.818 -7.616 -7.535
0.011307 -0.12000 6.95000 20.8788375854 2.6308385498   20.227  5.105  3.9281  1.303    1  0.000  0.524     0.00     0.00     0.00     0.00     0.00 -1 -1.27e-06      0.00 7.147e-01 2.738e-01 1.930e-03 7.990e-04 4.929e-03 -1.000 1.147e-02 -7.993 -7.068 -8.118 -7.921 -7.725 -7.659
0.011307 -0.12000 6.95000 20.8790016174 2.6308385815   20.227  5.113  3.9204  1.265    1  0.000  0.523     0.00     0.00     0.00     0.00     0.00 -1 -1.52e-06      0.00 7.129e-01 2.757e-01 1.912e-03 8.569e-04 4.888e-03 -1.000 1.146e-02 -8.013 -7.075 -8.143 -7.967 -7.779 -7.717
0.011307 -0.12000 6.95000 20.8791809082 2.6308386161   20.227  5.117  3.9122  1.228    1  0.000  0.522     0.00     0.00     0.00     0.00     0.00 -1 -1.82e-06      0.00 7.123e-01 2.762e-01 1.906e-03 8.743e-04 4.876e-03 -1.000 1.147e-02 -8.022 -7.059 -8.165 -8.002 -7.820 -7.766
0.011307 -0.12000 6.95000 20.8793830872 2.6308386551   20.226  5.117  3.9031  1.191    1  0.000  0.522     0.00     0.00     0.00     0.00     0.00 -1 -2.15e-06      0.00 7.121e-01 2.765e-01 1.904e-03 8.817e-04 4.871e-03 -1.000 1.148e-02 -8.023 -7.023 -8.186 -8.030 -7.854 -7.811
0.011307 -0.12000 6.95000 20.8796138763 2.6308386996   20.226  5.114  3.8931  1.154    1  0.000  0.522     0.00     0.00     0.00     0.00     0.00 -1 -2.55e-06      0.00 7.121e-01 2.765e-01 1.904e-03 8.818e-04 4.871e-03 -1.000 1.148e-02 -8.015 -6.969 -8.196 -8.047 -7.879 -7.846
0.011307 -0.12000 6.95000 20.8798656464 2.6308387482   20.225  5.110  3.8828  1.117    1  0.000  0.522     0.00     0.00     0.00     0.00     0.00 -1 -3.06e-06      0.00 7.121e-01 2.765e-01 1.904e-03 8.819e-04 4.871e-03 -1.000 1.148e-02 -8.004 -6.909 -8.190 -8.058 -7.902 -7.877
0.011307 -0.12000 6.95000 20.8801498413 2.6308388031   20.225  5.103  3.8727  1.083    1  0.000  0.522     0.00     0.00     0.00     0.00     0.00 -1 -3.68e-06      0.00 7.120e-01 2.765e-01 1.904e-03 8.820e-04 4.870e-03 -1.000 1.148e-02 -7.988 -6.841 -8.168 -8.061 -7.919 -7.900
0.011307 -0.12000 6.95000 20.8804645538 2.6308388638   20.224  5.096  3.8630  1.052    1  0.000  0.522     0.00     0.00     0.00     0.00     0.00 -1 -3.48e-06      0.00 7.120e-01 2.765e-01 1.904e-03 8.822e-04 4.870e-03 -1.000 1.148e-02 -7.971 -6.773 -8.140 -8.060 -7.934 -7.920
0.011307 -0.12000 6.95000 20.8811893463 2.6308390036   20.223  5.092  3.8434  0.978    1  0.000  0.522     0.00     0.00     0.00     0.00     0.00 -1 -3.18e-06      0.00 7.120e-01 2.765e-01 1.904e-03 8.825e-04 4.870e-03 -1.000 1.147e-02 -7.960 -6.656 -8.084 -8.077 -7.988 -7.981
0.011307 -0.12000 6.95000 20.8819999695 2.6308391600   20.222  5.109  3.8206  0.870    1  0.000  0.516     0.00     0.00     0.00     0.00     0.00 -1 -3.07e-06      0.00 7.120e-01 2.765e-01 1.875e-03 9.063e-04 4.870e-03 -1.000 1.149e-02 -8.002 -6.562 -8.047 -8.146 -8.103 -8.104
0.011307 -0.12000 6.95000 20.8823795319 2.6308392332   20.221  5.124  3.8095  0.810    1  0.000  0.503     0.00     0.00     0.00     0.00     0.00 -1 -3.16e-06      0.00 7.100e-01 2.786e-01 1.800e-03 1.031e-03 4.821e-03 -1.000 1.147e-02 -8.039 -6.520 -8.038 -8.196 -8.177 -8.181
0.011307 -0.12000 6.95000 20.8826961517 2.6308392943   20.221  5.140  3.8005  0.758    1  0.000  0.498     0.00     0.00     0.00     0.00     0.00 -1 -3.33e-06      0.00 7.040e-01 2.845e-01 1.735e-03 1.222e-03 4.694e-03 -1.000 1.149e-02 -8.079 -6.490 -8.033 -8.243 -8.244 -8.253
0.011307 -0.12000 6.95000 20.8829536438 2.6308393440   20.220  5.149  3.7934  0.721    1  0.000  0.495     0.00     0.00     0.00     0.00     0.00 -1 -3.54e-06      0.00 7.018e-01 2.867e-01 1.711e-03 1.293e-03 4.647e-03 -1.000 1.149e-02 -8.102 -6.449 -8.018 -8.271 -8.287 -8.300
0.011307 -0.12000 6.95000 20.8834705353 2.6308394437   20.219  5.156  3.7804  0.661    1  0.000  0.494     0.00     0.00     0.00     0.00     0.00 -1 -3.67e-06      0.00 7.007e-01 2.878e-01 1.699e-03 1.328e-03 4.624e-03 -1.000 1.149e-02 -8.121 -6.337 -7.965 -8.297 -8.343 -8.363
0.011307 -0.12000 6.95000 20.9107894897 2.6308447050   20.199  5.169  3.6660  0.190    1  0.000  0.476     0.00     0.00     0.00     0.00     0.00 -1 -2.76e-06      0.00 6.926e-01 2.960e-01 1.596e-03 1.556e-03 4.494e-03 -1.000 1.150e-02 -8.153 -4.166 -7.037 -8.124 -8.413 -8.570
0.011307 -0.12000 6.95000 20.9392623901 2.6308501717   20.168  5.157  3.7488  0.533    1  0.000  0.476     0.00     0.00     0.00     0.00     0.00 -1 -3.27e-06      0.00 6.927e-01 2.958e-01 1.599e-03 1.551e-03 4.497e-03 -1.000 1.150e-02 -8.123 -5.943 -7.752 -8.284 -8.408 -8.455
0.011307 -0.12000 6.95000 20.9868106842 2.6308592629   20.096  5.142  3.7640  0.607    1  0.000  0.477     0.00     0.00     0.00     0.00     0.00 -1 -3.19e-06      0.00 6.930e-01 2.955e-01 1.604e-03 1.541e-03 4.502e-03 -1.000 1.150e-02 -8.085 -6.109 -7.817 -8.256 -8.345 -8.377
0.011307 -0.12000 6.95000 21.1185302734 2.6308842019   19.917  5.136  3.7150  0.414    1  0.000  0.480     0.00     0.00     0.00     0.00     0.00 -1 -2.76e-06      0.00 6.939e-01 2.946e-01 1.617e-03 1.515e-03 4.516e-03 -1.000 1.150e-02 -8.069 -5.313 -7.438 -8.176 -8.372 -8.458
0.011307 -0.12000 6.95000 21.1712779999 2.6308940889   19.858  5.148  3.6916  0.307    1  0.000  0.481     0.00     0.00     0.00     0.00     0.00 -1 -2.78e-06      0.00 6.942e-01 2.943e-01 1.623e-03 1.504e-03 4.521e-03 -1.000 1.150e-02 -8.099 -4.837 -7.262 -8.147 -8.390 -8.509
0.011307 -0.12000 6.95000 21.1798877716 2.6308956973   19.849  5.160  3.6887  0.283    1  0.000  0.481     0.00     0.00     0.00     0.00     0.00 -1 -2.89e-06      0.00 6.943e-01 2.942e-01 1.624e-03 1.502e-03 4.522e-03 -1.000 1.150e-02 -8.129 -4.789 -7.263 -8.168 -8.417 -8.541
0.011307 -0.12000 6.95000 21.1835670471 2.6308963842   19.845  5.169  3.6883  0.271    1  0.000  0.481     0.00     0.00     0.00     0.00     0.00 -1 -3.05e-06      0.00 6.943e-01 2.942e-01 1.624e-03 1.502e-03 4.522e-03 -1.000 1.150e-02 -8.153 -4.798 -7.282 -8.191 -8.441 -8.566
0.011307 -0.12000 6.95000 21.1858272552 2.6308968060   19.843  5.177  3.6892  0.267    1  0.000  0.481     0.00     0.00     0.00     0.00     0.00 -1 -3.18e-06      0.00 6.943e-01 2.942e-01 1.624e-03 1.501e-03 4.522e-03 -1.000 1.150e-02 -8.173 -4.838 -7.310 -8.214 -8.462 -8.586
0.011307 -0.12000 6.95000 21.1868820190 2.6308970028   19.842  5.183  3.6922  0.273    1  0.000  0.481     0.00     0.00     0.00     0.00     0.00 -1 -3.31e-06      0.00 6.943e-01 2.942e-01 1.624e-03 1.501e-03 4.523e-03 -1.000 1.150e-02 -8.187 -4.922 -7.352 -8.238 -8.480 -8.599
0.011307 -0.12000 6.95000 21.1873054504 2.6308970818   19.841  5.185  3.6949  0.282    1  0.000  0.481     0.00     0.00     0.00     0.00     0.00 -1 -3.37e-06      0.00 6.943e-01 2.942e-01 1.624e-03 1.501e-03 4.523e-03 -1.000 1.150e-02 -8.193 -4.993 -7.383 -8.252 -8.489 -8.604
0.011307 -0.12000 6.95000 21.1876392365 2.6308971441   19.840  5.187  3.6985  0.295    1  0.000  0.481     0.00     0.00     0.00     0.00     0.00 -1 -3.43e-06      0.00 6.943e-01 2.942e-01 1.624e-03 1.501e-03 4.523e-03 -1.000 1.150e-02 -8.197 -5.084 -7.421 -8.266 -8.497 -8.606
0.011307 -0.12000 6.95000 21.1878376007 2.6308971811   19.840  5.188  3.7015  0.306    1  0.000  0.481     0.00     0.00     0.00     0.00     0.00 -1 -3.45e-06      0.00 6.943e-01 2.942e-01 1.624e-03 1.501e-03 4.523e-03 -1.000 1.150e-02 -8.200 -5.151 -7.450 -8.277 -8.501 -8.606
0.011307 -0.12000 6.95000 21.1880550385 2.6308972216   19.840  5.189  3.7057  0.322    1  0.000  0.481     0.00     0.00     0.00     0.00     0.00 -1 -3.49e-06      0.00 6.943e-01 2.942e-01 1.624e-03 1.501e-03 4.523e-03 -1.000 1.150e-02 -8.201 -5.237 -7.488 -8.289 -8.505 -8.604
0.011307 -0.12000 6.95000 21.1883029938 2.6308972679   19.840  5.189  3.7119  0.346    1  0.000  0.481     0.00     0.00     0.00     0.00     0.00 -1 -3.56e-06      0.00 6.943e-01 2.942e-01 1.624e-03 1.501e-03 4.523e-03 -1.000 1.150e-02 -8.202 -5.362 -7.542 -8.305 -8.508 -8.598
0.011307 -0.12000 6.95000 21.1885776520 2.6308973191   19.839  5.188  3.7205  0.381    1  0.000  0.481     0.00     0.00     0.00     0.00     0.00 -1  -3.6e-06      0.00 6.943e-01 2.942e-01 1.624e-03 1.501e-03 4.523e-03 -1.000 1.150e-02 -8.201 -5.530 -7.612 -8.321 -8.506 -8.586
0.011307 -0.12000 6.95000 21.1888847351 2.6308973764   19.839  5.188  3.7295  0.418    1  0.000  0.481     0.00     0.00     0.00     0.00     0.00 -1 -3.67e-06      0.00 6.943e-01 2.942e-01 1.624e-03 1.500e-03 4.523e-03 -1.000 1.150e-02 -8.199 -5.693 -7.684 -8.336 -8.501 -8.570
0.011307 -0.12000 6.95000 21.1892318726 2.6308974412   19.838  5.187  3.7379  0.452    1  0.000  0.481     0.00     0.00     0.00     0.00     0.00 -1 -3.76e-06      0.00 6.943e-01 2.942e-01 1.624e-03 1.500e-03 4.523e-03 -1.000 1.150e-02 -8.198 -5.833 -7.748 -8.348 -8.495 -8.555
0.011307 -0.12000 6.95000 21.1896152496 2.6308975127   19.838  5.187  3.7458  0.483    1  0.000  0.481     0.00     0.00     0.00     0.00     0.00 -1 -3.82e-06      0.00 6.943e-01 2.942e-01 1.624e-03 1.500e-03 4.523e-03 -1.000 1.150e-02 -8.198 -5.964 -7.806 -8.357 -8.487 -8.538
0.011307 -0.12000 6.95000 21.1900482178 2.6308975935   19.837  5.187  3.7536  0.515    1  0.000  0.481     0.00     0.00     0.00     0.00     0.00 -1 -3.89e-06      0.00 6.943e-01 2.942e-01 1.625e-03 1.500e-03 4.523e-03 -1.000 1.150e-02 -8.198 -6.081 -7.861 -8.364 -8.476 -8.519
0.011307 -0.12000 6.95000 21.1905288696 2.6308976831   19.836  5.187  3.7613  0.546    1  0.000  0.481     0.00     0.00     0.00     0.00     0.00 -1 -3.96e-06      0.00 6.943e-01 2.942e-01 1.625e-03 1.500e-03 4.523e-03 -1.000 1.150e-02 -8.198 -6.183 -7.915 -8.370 -8.464 -8.499
0.011307 -0.12000 6.95000 21.1910648346 2.6308977831   19.835  5.187  3.7691  0.577    1  0.000  0.481     0.00     0.00     0.00     0.00     0.00 -1 -4.04e-06      0.00 6.943e-01 2.942e-01 1.625e-03 1.500e-03 4.523e-03 -1.000 1.150e-02 -8.198 -6.278 -7.964 -8.372 -8.448 -8.477
0.011307 -0.12000 6.95000 21.1916656494 2.6308978951   19.834  5.187  3.7770  0.609    1  0.000  0.481     0.00     0.00     0.00     0.00     0.00 -1 -4.14e-06      0.00 6.943e-01 2.942e-01 1.625e-03 1.500e-03 4.523e-03 -1.000 1.150e-02 -8.197 -6.371 -8.019 -8.374 -8.428 -8.451
0.011307 -0.12000 6.95000 21.1923389435 2.6308980207   19.833  5.186  3.7849  0.641    1  0.000  0.481     0.00     0.00     0.00     0.00     0.00 -1 -4.21e-06      0.00 6.943e-01 2.942e-01 1.625e-03 1.500e-03 4.523e-03 -1.000 1.150e-02 -8.196 -6.456 -8.067 -8.371 -8.406 -8.424
0.011307 -0.12000 6.95000 21.1930923462 2.6308981612   19.831  5.186  3.7925  0.672    1  0.000  0.481     0.00     0.00     0.00     0.00     0.00 -1 -4.29e-06      0.00 6.943e-01 2.942e-01 1.625e-03 1.500e-03 4.523e-03 -1.000 1.150e-02 -8.195 -6.530 -8.109 -8.365 -8.383 -8.397
0.011307 -0.12000 6.95000 21.1939334869 2.6308983180   19.830  5.185  3.7996  0.700    1  0.000  0.481     0.00     0.00     0.00     0.00     0.00 -1 -4.34e-06      0.00 6.943e-01 2.942e-01 1.625e-03 1.499e-03 4.523e-03 -1.000 1.150e-02 -8.193 -6.593 -8.145 -8.358 -8.360 -8.371
0.011307 -0.12000 6.95000 21.1948738098 2.6308984933   19.828  5.184  3.8061  0.727    1  0.000  0.481     0.00     0.00     0.00     0.00     0.00 -1 -4.42e-06      0.00 6.944e-01 2.941e-01 1.625e-03 1.499e-03 4.523e-03 -1.000 1.150e-02 -8.191 -6.641 -8.176 -8.351 -8.338 -8.346
0.011307 -0.12000 6.95000 21.1959209442 2.6308986885   19.826  5.183  3.8118  0.751    1  0.000  0.481     0.00     0.00     0.00     0.00     0.00 -1 -4.47e-06      0.00 6.944e-01 2.941e-01 1.625e-03 1.499e-03 4.523e-03 -1.000 1.150e-02 -8.188 -6.687 -8.201 -8.342 -8.316 -8.322
0.011307 -0.12000 6.95000 21.1970977783 2.6308989078   19.823  5.182  3.8169  0.773    1  0.000  0.481     0.00     0.00     0.00     0.00     0.00 -1  -4.5e-06      0.00 6.944e-01 2.941e-01 1.625e-03 1.499e-03 4.524e-03 -1.000 1.150e-02 -8.186 -6.721 -8.220 -8.334 -8.298 -8.301
0.011307 -0.12000 6.95000 21.1984081268 2.6308991520   19.822  5.181  3.8211  0.790    1  0.000  0.481     0.00     0.00     0.00     0.00     0.00 -1 -2.29e-06      0.00 6.944e-01 2.941e-01 1.625e-03 1.499e-03 4.524e-03 -1.000 1.150e-02 -8.183 -6.747 -8.234 -8.327 -8.282 -8.284
0.011307 -0.12000 6.95000 21.1998786926 2.6308994261   19.821  5.180  3.8245  0.805    1  0.000  0.481     0.00     0.00     0.00     0.00     0.00 -1  -2.3e-06      0.00 6.944e-01 2.941e-01 1.625e-03 1.498e-03 4.524e-03 -1.000 1.150e-02 -8.181 -6.767 -8.245 -8.321 -8.268 -8.270
0.011307 -0.12000 6.95000 21.2015171051 2.6308997313   19.819  5.179  3.8270  0.816    1  0.000  0.481     0.00     0.00     0.00     0.00     0.00 -1 -2.31e-06      0.00 6.944e-01 2.941e-01 1.626e-03 1.498e-03 4.524e-03 -1.000 1.150e-02 -8.178 -6.781 -8.253 -8.316 -8.258 -8.259
0.011307 -0.12000 6.95000 21.2054061890 2.6309004556   19.816  5.178  3.8293  0.826    1  0.000  0.482     0.00     0.00     0.00     0.00     0.00 -1 -2.31e-06      0.00 6.944e-01 2.941e-01 1.626e-03 1.497e-03 4.524e-03 -1.000 1.150e-02 -8.175 -6.793 -8.259 -8.310 -8.248 -8.248
0.011307 -0.12000 6.95000 21.2272586823 2.6309045200   19.798  5.180  3.8202  0.787    1  0.000  0.482     0.00     0.00     0.00     0.00     0.00 -1 -2.26e-06      0.00 6.946e-01 2.939e-01 1.628e-03 1.493e-03 4.527e-03 -1.000 1.150e-02 -8.180 -6.737 -8.228 -8.325 -8.282 -8.284
0.011307 -0.12000 6.95000 21.3810825348 2.6309328595   19.723  5.191  3.8016  0.700    1  0.000  0.485     0.00     0.00     0.00     0.00     0.00 -1 -1.77e-06      0.00 6.955e-01 2.930e-01 1.642e-03 1.462e-03 4.542e-03 -1.000 1.150e-02 -8.209 -6.624 -8.172 -8.373 -8.370 -8.380
0.011307 -0.12000 6.95000 21.5471782684 2.6309629379   19.650  5.204  3.7958  0.663    1  0.000  0.487     0.00     0.00     0.00     0.00     0.00 -1 -1.88e-06      0.00 6.966e-01 2.919e-01 1.653e-03 1.430e-03 4.559e-03 -1.000 1.150e-02 -8.239 -6.603 -8.172 -8.407 -8.417 -8.430
0.011307 -0.12000 6.95000 21.6044025421 2.6309731777   19.620  5.208  3.7935  0.649    1  0.000  0.484     0.00     0.00     0.00     0.00     0.00 -1 -1.91e-06      0.00 6.969e-01 2.916e-01 1.648e-03 1.424e-03 4.564e-03 -1.000 1.151e-02 -8.249 -6.591 -8.170 -8.420 -8.435 -8.449
0.011307 -0.12000 6.95000 21.6680068970 2.6309844861   19.584  5.212  3.7906  0.632    1  0.000  0.482     0.00     0.00     0.00     0.00     0.00 -1 -1.95e-06      0.00 6.973e-01 2.912e-01 1.642e-03 1.418e-03 4.571e-03 -1.000 1.153e-02 -8.261 -6.575 -8.165 -8.433 -8.455 -8.470
0.011307 -0.12000 6.95000 21.7222080231 2.6309940626   19.552  5.216  3.7874  0.615    2  0.000  0.480     0.00     0.00     0.00     0.00     0.00 -1 -1.97e-06      0.00 6.976e-01 2.909e-01 1.636e-03 1.413e-03 4.576e-03 -1.000 1.154e-02 -8.270 -6.552 -8.157 -8.444 -8.473 -8.490
0.011307 -0.12000 6.95000 21.7643814087 2.6310014760   19.528  5.219  3.7845  0.600    2  0.000  0.478     0.00     0.00     0.00     0.00     0.00 -1 -1.99e-06      0.00 6.978e-01 2.906e-01 1.632e-03 1.409e-03 4.580e-03 -1.000 1.155e-02 -8.277 -6.529 -8.147 -8.453 -8.488 -8.507
0.011307 -0.12000 6.95000 21.8018608093 2.6310080367   19.520  5.220  3.7777  0.571    2  0.000  0.476     0.00     0.00     0.00     0.00     0.00 -1    -2e-06      0.00 6.978e-01 2.906e-01 1.626e-03 1.411e-03 4.581e-03 -1.000 1.156e-02 -8.280 -6.458 -8.108 -8.457 -8.509 -8.532
0.011307 -0.12000 6.95000 21.8679504395 2.6310195424   19.500  5.222  3.7650  0.518    3  0.000  0.473   142.47    71.47    48.58    34.68    28.92  3 -2.01e-06      0.00 6.978e-01 2.906e-01 1.616e-03 1.416e-03 4.581e-03 -1.000 1.156e-02 -8.285 -6.310 -8.027 -8.459 -8.544 -8.577
0.011307 -0.12000 6.95000 21.9130287170 2.6310273445   19.486  5.223  3.7555  0.478    3  0.000  0.471   157.27    76.76    52.01    37.17    31.00  3 -2.04e-06      0.00 6.978e-01 2.907e-01 1.608e-03 1.421e-03 4.580e-03 -1.000 1.156e-02 -8.288 -6.187 -7.964 -8.456 -8.564 -8.605
0.011307 -0.12000 6.95000 21.9476337433 2.6310333089   19.474  5.224  3.7475  0.446    3  0.000  0.469   170.68    81.45    55.04    39.37    32.84  3 -2.05e-06      0.00 6.977e-01 2.907e-01 1.602e-03 1.424e-03 4.580e-03 -1.000 1.156e-02 -8.290 -6.072 -7.909 -8.452 -8.578 -8.628
0.011307 -0.12000 6.95000 21.9663410187 2.6310365242   19.454  5.224  3.7425  0.425    3  0.000  0.468   179.65    84.53    57.02    40.81    34.04  3 -4.77e-06      0.00 6.977e-01 2.908e-01 1.599e-03 1.426e-03 4.579e-03 -1.000 1.156e-02 -8.290 -5.987 -7.872 -8.447 -8.584 -8.639
0.011307 -0.12000 6.95000 21.9689254761 2.6310369679   19.451  5.224  3.7416  0.421    3  0.000  0.467   181.23    85.07    57.37    41.06    34.25  3 -4.77e-06      0.00 6.969e-01 2.915e-01 1.593e-03 1.443e-03 4.569e-03 -1.000 1.156e-02 -8.290 -5.971 -7.865 -8.445 -8.585 -8.641
0.011307 -0.12000 6.95000 21.9826946259 2.6310393298   19.431  5.223  3.7365  0.401    3  0.000  0.462   190.50    88.21    59.39    42.53    35.48  3 -4.71e-06      0.00 6.930e-01 2.954e-01 1.560e-03 1.530e-03 4.514e-03 -1.000 1.155e-02 -8.288 -5.885 -7.826 -8.437 -8.587 -8.649
0.011307 -0.12000 6.95000 21.9979114532 2.6310419361   19.410  5.223  3.7304  0.377    3  0.000  0.457   202.17    92.09    61.89    44.35    37.00  3 -4.65e-06      0.00 6.886e-01 2.998e-01 1.525e-03 1.627e-03 4.454e-03 -1.000 1.154e-02 -8.287 -5.781 -7.777 -8.427 -8.590 -8.658
0.011307 -0.12000 6.95000 22.0098514557 2.6310439783   19.394  5.222  3.7254  0.357    3  0.000  0.452   212.43    95.46    64.04    45.92    38.32  3 -4.56e-06      0.00 6.852e-01 3.033e-01 1.497e-03 1.703e-03 4.407e-03 -1.000 1.153e-02 -8.285 -5.689 -7.735 -8.416 -8.591 -8.665
0.011307 -0.12000 6.95000 22.0217056274 2.6310460032   19.379  5.222  3.7202  0.336    3  0.000  0.448   223.74    99.12    66.39    47.63    39.75  3 -4.51e-06      0.00 6.818e-01 3.067e-01 1.469e-03 1.778e-03 4.359e-03 -1.000 1.152e-02 -8.284 -5.590 -7.690 -8.406 -8.592 -8.672
0.011307 -0.12000 6.95000 22.0330772400 2.6310479434   19.365  5.221  3.7148  0.315    3  0.000  0.444   235.84   102.98    68.85    49.43    41.25  3 -4.43e-06      0.00 6.785e-01 3.100e-01 1.442e-03 1.851e-03 4.314e-03 -1.000 1.152e-02 -8.283 -5.483 -7.644 -8.393 -8.590 -8.677
0.011307 -0.12000 6.95000 22.0414600372 2.6310493721   19.355  5.221  3.7107  0.299    3  0.000  0.441   245.67   106.08    70.83    50.87    42.45  3 -4.39e-06      0.00 6.761e-01 3.124e-01 1.422e-03 1.905e-03 4.281e-03 -1.000 1.151e-02 -8.282 -5.400 -7.608 -8.383 -8.589 -8.682
0.011307 -0.12000 6.95000 22.0510234833 2.6310510006   19.344  5.220  3.7056  0.279    3  0.000  0.437   258.13   109.96    73.29    52.67    43.96  3 -4.34e-06      0.00 6.733e-01 3.152e-01 1.399e-03 1.966e-03 4.242e-03 -1.000 1.151e-02 -8.281 -5.298 -7.563 -8.370 -8.586 -8.686
0.011307 -0.12000 6.95000 22.0605983734 2.6310526293   19.333  5.220  3.7002  0.257    3  0.000  0.434   267.15   114.28    76.04    54.68    45.64  3 -4.27e-06      0.00 6.705e-01 3.179e-01 1.377e-03 2.028e-03 4.204e-03 -1.000 1.150e-02 -8.280 -5.189 -7.515 -8.355 -8.583 -8.690
0.011307 -0.12000 6.95000 22.0697746277 2.6310541888   19.323  5.220  3.6946  0.235    3  0.000  0.430   276.45   118.94    79.00    56.84    47.45  3  -4.2e-06      0.00 6.679e-01 3.206e-01 1.355e-03 2.087e-03 4.167e-03 -1.000 1.150e-02 -8.279 -5.052 -7.462 -8.338 -8.576 -8.691
0.011307 -0.12000 6.95000 22.0784549713 2.6310556626   19.314  5.219  3.6889  0.212    3  0.000  0.427   286.36   123.93    82.16    59.15    49.39  3 -4.13e-06      0.00 6.654e-01 3.231e-01 1.334e-03 2.143e-03 4.132e-03 -1.000 1.149e-02 -8.278 -4.907 -7.406 -8.319 -8.569 -8.693
0.011307 -0.12000 6.95000 22.0866279602 2.6310570490   19.306  5.219  3.6829  0.189    3  0.000  0.424   296.92   129.28    85.55    61.63    51.46  3 -4.06e-06      0.00 6.630e-01 3.255e-01 1.315e-03 2.195e-03 4.099e-03 -1.000 1.149e-02 -8.276 -4.766 -7.348 -8.300 -8.560 -8.693
0.011307 -0.12000 6.95000 22.0943069458 2.6310583505   19.299  5.218  3.6768  0.165    3  0.000  0.421   308.22   135.05    89.19    64.29    53.69  3    -4e-06      0.00 6.608e-01 3.277e-01 1.297e-03 2.243e-03 4.069e-03 -1.000 1.148e-02 -8.275 -4.607 -7.282 -8.282 -8.552 -8.693
0.011307 -0.12000 6.95000 22.1015090942 2.6310595703   19.292  5.218  3.6705  0.140    3  0.000  0.419   320.27   141.23    93.08    67.14    56.08  0 -3.94e-06      0.00 6.588e-01 3.297e-01 1.281e-03 2.288e-03 4.042e-03 -1.000 1.148e-02 -8.274 -4.387 -7.202 -8.262 -8.544 -8.694
0.011307 -0.12000 6.95000 22.1082592010 2.6310607127   19.286  5.217  3.6640  0.114    3  0.000  0.416   333.34   147.99    97.33    70.26    58.68  0 -3.86e-06      0.00 6.569e-01 3.316e-01 1.265e-03 2.329e-03 4.016e-03 -1.000 1.148e-02 -8.273 -4.171 -7.120 -8.236 -8.532 -8.692
0.011307 -0.12000 6.95000 22.1114711761 2.6310612560   19.283  5.217  3.6605  0.100    3  0.000  0.415   340.41   151.66    99.63    71.94    60.10  0 -3.83e-06      0.00 6.560e-01 3.325e-01 1.258e-03 2.349e-03 4.003e-03 -1.000 1.147e-02 -8.272 -4.058 -7.076 -8.221 -8.525 -8.690
0.011307 -0.12000 6.95000 22.1145763397 2.6310617811   19.281  5.217  3.6569  0.086    3  0.000  0.414   347.90   155.56   102.08    73.74    61.60  0  -3.8e-06      0.00 6.551e-01 3.334e-01 1.251e-03 2.368e-03 3.991e-03 -1.000 1.147e-02 -8.272 -3.936 -7.029 -8.202 -8.515 -8.687
0.011307 -0.12000 6.95000 22.1175804138 2.6310622889   19.279  5.216  3.6532  0.072    3  0.000  0.413   355.91   159.75   104.71    75.67    63.21  0 -3.75e-06      0.00 6.543e-01 3.343e-01 1.244e-03 2.387e-03 3.980e-03 -1.000 1.147e-02 -8.271 -3.814 -6.984 -8.181 -8.503 -8.684
0.011307 -0.12000 6.95000 22.1204833984 2.6310627795   19.276  5.216  3.6492  0.056    3  0.000  0.412   364.57   164.30   107.55    77.75    64.96  0 -3.72e-06      0.00 6.535e-01 3.351e-01 1.237e-03 2.405e-03 3.969e-03 -1.000 1.147e-02 -8.270 -3.686 -6.935 -8.157 -8.490 -8.679
0.011307 -0.12000 6.95000 22.1232910156 2.6310632539   19.274  5.216  3.6450  0.040    3  0.000  0.411   373.97   169.26   110.65    80.03    66.87  0 -3.67e-06      0.00 6.527e-01 3.359e-01 1.231e-03 2.422e-03 3.958e-03 -1.000 1.147e-02 -8.269 -3.547 -6.882 -8.131 -8.475 -8.674
0.011307 -0.12000 6.95000 22.1260032654 2.6310637119   19.272  5.215  3.6405  0.022    3  0.000  0.410   384.24   174.70   114.04    82.52    68.95  0 -3.62e-06      0.00 6.519e-01 3.366e-01 1.225e-03 2.439e-03 3.947e-03 -1.000 1.147e-02 -8.268 -3.398 -6.824 -8.102 -8.459 -8.668
0.011307 -0.12000 6.95000 22.1286220551 2.6310641541   19.271  5.215  3.6357  0.003    3  0.000  0.409   395.60   180.74   117.80    85.29    71.27  0 -3.57e-06      0.00 6.512e-01 3.374e-01 1.219e-03 2.455e-03 3.937e-03 -1.000 1.146e-02 -8.266 -3.235 -6.759 -8.068 -8.440 -8.661
0.011307 -0.12000 6.95000 22.1311511993 2.6310645810   19.269  5.214  3.6304 -0.017    3  0.000  0.408   408.33   187.55   122.04    88.40    73.88  0 -3.52e-06      0.00 6.505e-01 3.381e-01 1.213e-03 2.470e-03 3.928e-03 -1.000 1.146e-02 -8.265 -3.072 -6.691 -8.030 -8.419 -8.652
0.011307 -0.12000 6.95000 22.1335926056 2.6310649930   19.267  5.213  3.6246 -0.040    3  0.000  0.407   422.84   195.35   126.88    91.97    76.87  0 -3.47e-06      0.00 6.498e-01 3.388e-01 1.208e-03 2.485e-03 3.918e-03 -1.000 1.146e-02 -8.263 -2.897 -6.612 -7.985 -8.393 -8.640
0.011307 -0.12000 6.95000 22.1359519958 2.6310653911   19.266  5.212  3.6180 -0.065    3  0.000  0.406   439.86   204.56   132.59    96.17    80.39  0  -3.4e-06      0.00 6.491e-01 3.394e-01 1.202e-03 2.500e-03 3.909e-03 -1.000 1.146e-02 -8.260 -2.700 -6.519 -7.931 -8.363 -8.627
0.011307 -0.12000 6.95000 22.1370868683 2.6310655826   19.265  5.211  3.6146 -0.078    3  0.000  0.406   448.82   209.43   135.60    98.39    82.25  0 -3.33e-06      0.00 6.488e-01 3.397e-01 1.200e-03 2.507e-03 3.905e-03 -1.000 1.146e-02 -8.258 -2.601 -6.469 -7.900 -8.346 -8.619
0.011307 -0.12000 6.95000 22.1384353638 2.6310658100   19.264  5.210  3.6101 -0.095    3  0.000  0.406   460.63   215.88   139.59   101.33    84.71  0 -3.27e-06      0.00 6.484e-01 3.401e-01 1.197e-03 2.515e-03 3.900e-03 -1.000 1.146e-02 -8.256 -2.473 -6.404 -7.861 -8.325 -8.609
0.011307 -0.12000 6.95000 22.1396713257 2.6310660184   19.263  5.209  3.6057 -0.112    3  0.000  0.405   472.65   222.47   143.65   104.32    87.22  0 -3.22e-06      0.00 6.481e-01 3.405e-01 1.194e-03 2.523e-03 3.895e-03 -1.000 1.146e-02 -8.253 -2.354 -6.335 -7.816 -8.301 -8.598
0.011307 -0.12000 6.95000 22.1407585144 2.6310662018   19.263  5.208  3.6016 -0.127    3  0.000  0.405   483.99   228.72   147.50   107.16    89.60  0 -3.16e-06      0.00 6.478e-01 3.408e-01 1.191e-03 2.530e-03 3.891e-03 -1.000 1.146e-02 -8.250 -2.243 -6.269 -7.774 -8.278 -8.587
0.011307 -0.12000 6.95000 22.1414928436 2.6310663256   19.262  5.207  3.5985 -0.138    3  0.000  0.404   492.60   233.47   150.43   109.32    91.41  0 -3.12e-06      0.00 6.476e-01 3.410e-01 1.190e-03 2.534e-03 3.888e-03 -1.000 1.146e-02 -8.248 -2.161 -6.218 -7.740 -8.260 -8.579
0.011307 -0.12000 6.95000 22.1424140930 2.6310664809   19.262  5.206  3.5945 -0.153    3  0.000  0.404   503.86   239.72   154.27   112.16    93.79  0 -3.07e-06      0.00 6.473e-01 3.412e-01 1.188e-03 2.540e-03 3.884e-03 -1.000 1.146e-02 -8.245 -2.056 -6.148 -7.691 -8.236 -8.569
0.011307 -0.12000 6.95000 22.1435642242 2.6310666748   19.261  5.204  3.5895 -0.171    3  0.000  0.404   518.18   247.69   159.17   115.77    96.82  0 -3.01e-06      0.00 6.470e-01 3.416e-01 1.185e-03 2.547e-03 3.880e-03 -1.000 1.146e-02 -8.239 -1.917 -6.054 -7.627 -8.203 -8.554
0.011307 -0.12000 6.95000 22.1446189880 2.6310668525   19.261  5.201  3.5852 -0.186    3  0.000  0.403   530.16   254.38   163.27   118.80    99.36  0 -2.93e-06      0.00 6.467e-01 3.419e-01 1.183e-03 2.553e-03 3.876e-03 -1.000 1.146e-02 -8.233 -1.751 -5.949 -7.557 -8.171 -8.542
0.011307 -0.12000 6.95000 22.1455173492 2.6310670039   19.261  5.198  3.5820 -0.196    3  0.000  0.403   538.12   258.85   166.01   120.83   101.06  0 -2.88e-06      0.00 6.464e-01 3.421e-01 1.181e-03 2.559e-03 3.872e-03 -1.000 1.145e-02 -8.226 -1.622 -5.868 -7.504 -8.146 -8.530
0.011307 -0.12000 6.95000 22.1466770172 2.6310671994   19.260  5.194  3.5788 -0.204    3  0.000  0.403   545.15   262.80   168.43   122.61   102.56  0 -2.78e-06      0.00 6.461e-01 3.424e-01 1.178e-03 2.566e-03 3.868e-03 -1.000 1.145e-02 -8.214 -1.507 -5.783 -7.440 -8.114 -8.514
0.011307 -0.12000 6.95000 22.1484394073 2.6310674963   19.259  5.187  3.5758 -0.209    3  0.000  0.402   549.64   265.33   169.97   123.76   103.52  0 -2.67e-06      0.00 6.456e-01 3.429e-01 1.174e-03 2.577e-03 3.861e-03 -1.000 1.145e-02 -8.198 -1.437 -5.705 -7.369 -8.076 -8.492
0.011307 -0.12000 6.95000 22.1503887177 2.6310678247   19.259  5.178  3.5740 -0.208    3  0.000  0.401   548.35   264.60   169.53   123.43   103.24  0 -2.58e-06      0.00 6.451e-01 3.435e-01 1.170e-03 2.589e-03 3.854e-03 -1.000 1.145e-02 -8.176 -1.385 -5.644 -7.312 -8.040 -8.466
0.011307 -0.12000 6.95000 22.1528167725 2.6310682336   19.258  5.167  3.5715 -0.207    3  0.000  0.400   547.52   264.14   169.24   123.22   103.06  0  -2.4e-06      0.00 6.444e-01 3.442e-01 1.164e-03 2.604e-03 3.844e-03 -1.000 1.145e-02 -8.148 -1.318 -5.567 -7.239 -7.994 -8.433
0.011307 -0.12000 6.95000 22.1546020508 2.6310685343   19.257  5.173  3.5689 -0.223    3  0.000  0.400   561.23   271.87   173.97   126.72   106.00  0 -2.37e-06      0.00 6.439e-01 3.447e-01 1.160e-03 2.615e-03 3.838e-03 -1.000 1.145e-02 -8.162 -1.277 -5.519 -7.197 -7.988 -8.442
0.011307 -0.12000 6.95000 22.1564025879 2.6310688374   19.257  5.186  3.5667 -0.245    3  0.000  0.397   580.86   283.01   180.77   131.75   110.22  0  -2.5e-06      0.00 6.434e-01 3.452e-01 1.147e-03 2.633e-03 3.831e-03 -1.000 1.145e-02 -8.195 -1.259 -5.493 -7.175 -8.002 -8.472
0.011307 -0.12000 6.95000 22.1597728729 2.6310694046   19.256  5.198  3.5649 -0.264    3  0.000  0.391   598.34   292.97   186.85   136.24   113.99  0 -2.69e-06      0.00 6.424e-01 3.461e-01 1.122e-03 2.669e-03 3.817e-03 -1.000 1.145e-02 -8.225 -1.247 -5.474 -7.159 -8.017 -8.499
0.011307 -0.12000 6.95000 22.1708412170 2.6310712661   19.251  5.205  3.5637 -0.275    3  0.000  0.385   608.71   298.92   190.46   138.92   116.23  0 -2.81e-06      0.00 6.393e-01 3.492e-01 1.090e-03 2.743e-03 3.775e-03 -1.000 1.144e-02 -8.241 -1.238 -5.459 -7.147 -8.023 -8.512
0.011307 -0.12000 6.95000 22.1854362488 2.6310737175   19.244  5.217  3.5618 -0.295    3  0.000  0.375   627.86   309.93   197.16   143.88   120.40  0 -2.98e-06      0.00 6.340e-01 3.545e-01 1.048e-03 2.859e-03 3.702e-03 -1.000 1.146e-02 -8.272 -1.225 -5.439 -7.130 -8.037 -8.540
0.011307 -0.12000 6.95000 22.2044143677 2.6310768995   19.235  5.248  3.5574 -0.345    3  0.000  0.360   677.55   338.76   214.63   156.85   131.27  0 -3.44e-06      0.00 6.271e-01 3.615e-01 9.815e-04 3.026e-03 3.604e-03 -1.000 1.147e-02 -8.350 -1.203 -5.382 -7.073 -8.071 -8.608
0.011307 -0.12000 6.95000 22.2086296082 2.6310776054   19.232  5.271  3.5546 -0.378    3  0.000  0.354   713.58   359.88   227.40   166.33   139.22  0 -3.84e-06      0.00 6.245e-01 3.640e-01 9.544e-04 3.094e-03 3.566e-03 -1.000 1.146e-02 -8.406 -1.197 -5.349 -7.037 -8.097 -8.658
0.011307 -0.12000 6.95000 22.2193984985 2.6310794074   19.221  5.335  3.5472 -0.472    3  0.000  0.347   825.10   426.38   267.36   196.05   164.17  0 -5.23e-06      0.00 6.216e-01 3.670e-01 9.243e-04 3.175e-03 3.516e-03 -1.000 1.142e-02 -8.566 -1.190 -5.248 -6.923 -8.168 -8.797
0.011307 -0.12000 6.95000 22.2229785919 2.6310800060   19.218  5.356  3.5448 -0.503    3  0.000  0.346   865.54   450.88   282.02   206.97   173.33  0  -5.8e-06      0.00 6.210e-01 3.676e-01 9.195e-04 3.192e-03 3.504e-03 -1.000 1.142e-02 -8.620 -1.192 -5.207 -6.873 -8.187 -8.841
0.011307 -0.12000 6.95000 22.2276382446 2.6310807848   19.219  5.387  3.5413 -0.548    3  0.000  0.346   928.14   489.17   304.85   223.99   187.63  0 -6.74e-06      0.00 6.201e-01 3.685e-01 9.140e-04 3.214e-03 3.486e-03 -1.000 1.148e-02 -8.698 -1.228 -5.164 -6.806 -8.215 -8.903
0.011307 -0.12000 6.95000 22.2285041809 2.6310809295   19.220  5.393  3.5407 -0.556    3  0.000  0.346   940.39   496.71   309.33   227.34   190.44  0 -6.93e-06      0.00 6.199e-01 3.687e-01 9.131e-04 3.219e-03 3.482e-03 -1.000 1.149e-02 -8.712 -1.234 -5.156 -6.793 -8.220 -8.915
#isochrone terminated
